1.456742469329855157e+04
1.456473766011239968e+04
1.456201239812741915e+04
1.455925975931008907e+04
1.455649337848201321e+04
1.455373002687125336e+04
1.455098972413735828e+04
1.454829553520409354e+04
1.454567305020324602e+04
1.454314933001566351e+04
1.454075138610023350e+04
1.453850398700776350e+04
1.453642736560165577e+04
1.453453537395376043e+04
1.453283439919108059e+04
1.453132380221905987e+04
1.452999627665835033e+04
1.452883657174039035e+04
1.452782065643107308e+04
1.452691771155956303e+04
1.452609271133841867e+04
1.452530772159251501e+04
1.452452281183605555e+04
1.452369733993857335e+04
1.452279203918402345e+04
1.452177277030026562e+04
1.452061436947182665e+04
1.451930305272533769e+04
1.451783815679708096e+04
1.451623349663764748e+04
1.451451672238002175e+04
1.451272382505209316e+04
1.451089277437869532e+04
1.450905977317752149e+04
1.450725808501032407e+04
1.450552075677205903e+04
1.450388285758400525e+04
1.450237863156045023e+04
1.450103703764248530e+04
1.449987829428881014e+04
1.449891136856892081e+04
1.449813288830599777e+04
1.449752687864544350e+04
1.449706530613250470e+04
1.449670916798441795e+04
1.449641030768462952e+04
1.449611431636632369e+04
1.449576557412218790e+04
1.449531295858825797e+04
1.449471512295519278e+04
1.449394472498090363e+04
1.449299031673035279e+04
1.449185641009288338e+04
1.449056104680944554e+04
1.448913181308959793e+04
1.448760025367339586e+04
1.448599657557536011e+04
1.448434670088524217e+04
1.448267173481575082e+04
1.448099129590848133e+04
1.447932749882464122e+04
1.447770681590730237e+04
1.447616132066355203e+04
1.447473042771229484e+04
1.447346122117661980e+04
1.447240457318451627e+04
1.447160975421190960e+04
1.447111935322652607e+04
1.447096447129804073e+04
1.447116032653894763e+04
1.447170286449863306e+04
1.447256769749099112e+04
1.447371093845688119e+04
1.447507272577825825e+04
1.447658166848183828e+04
1.447815914346139107e+04
1.447972438076165963e+04
1.448120178943353312e+04
1.448252842134508137e+04
1.448365946549613000e+04
1.448457156307656442e+04
1.448526238599554563e+04
1.448574863492527766e+04
1.448606350361367549e+04
1.448625301591066636e+04
1.448636982873326815e+04
1.448646590561672383e+04
1.448658482720095162e+04
1.448675563673662873e+04
1.448699107164293309e+04
1.448728863328541593e+04
1.448763465790406553e+04
1.448800857173344593e+04
1.448838475435595319e+04
1.448873351193094641e+04
1.448902223605322797e+04
1.448921714972656810e+04
1.448928636010940681e+04
1.448920326562850278e+04
1.448894953943221844e+04
1.448851728331527556e+04
1.448790942910842023e+04
1.448713933432527847e+04
1.448622996339756719e+04
1.448521249330491810e+04
1.448412377177605231e+04
1.448300348825654874e+04
1.448189172830621828e+04
1.448082706893992872e+04
1.447984567715769117e+04
1.447898094862250036e+04
1.447826355019634138e+04
1.447772131617798732e+04
1.447737838528444627e+04
1.447725373649846733e+04
1.447735899927354330e+04
1.447769692817391660e+04
1.447826235390327747e+04
1.447904404406155118e+04
1.448002644798897927e+04
1.448119060955391797e+04
1.448251312170839446e+04
1.448396455050127952e+04
1.448550849727385139e+04
1.448710151327406129e+04
1.448869461460996172e+04
1.449023597050183162e+04
1.449167504623253808e+04
1.449296676441131422e+04
1.449407429129210504e+04
1.449497166544359970e+04
1.449564732927369369e+04
1.449610700884364996e+04
1.449637388312743678e+04
1.449648718243105941e+04
1.449649932423692735e+04
1.449647176817641594e+04
1.449646891929511366e+04
1.449655155630657464e+04
1.449677097655717807e+04
1.449716415141302787e+04
1.449775084687659000e+04
1.449853259035001975e+04
1.449949455971838142e+04
1.450060869161322262e+04
1.450183716821465532e+04
1.450313665792987558e+04
1.450446419250815779e+04
1.450578277304476615e+04
1.450706461171889350e+04
1.450829261582346771e+04
1.450945964696738156e+04
1.451056639346752490e+04
1.451161780172074759e+04
1.451261918528033675e+04
1.451357292340762615e+04
1.451447634102484153e+04
1.451532207161921360e+04
1.451609996123340534e+04
1.451680048344837815e+04
1.451741808357147056e+04
1.451795283888890845e+04
1.451841084404512912e+04
1.451880296087397073e+04
1.451914254449671535e+04
1.451944213837530697e+04
1.451971056969195524e+04
1.451995210748229147e+04
1.452016682629274510e+04
1.452035204527315909e+04
1.452050445820363529e+04
1.452062300627911463e+04
1.452071164609824700e+04
1.452078107443472800e+04
1.452084918634045425e+04
1.452093928601126936e+04
1.452107765834567908e+04
1.452129170190680452e+04
1.452160856401654928e+04
1.452205446943619245e+04
1.452265417201518721e+04
1.452343003072790088e+04
1.452440048886606928e+04
1.452557740145450225e+04
1.452696258509460677e+04
1.452854359568964355e+04
1.453029048018979847e+04
1.453215594339835116e+04
1.453407832570934988e+04
1.453598848935692513e+04
1.453781741899433109e+04
1.453950185029056229e+04
1.454098899938234899e+04
1.454224090760385843e+04
1.454323715839765282e+04
1.454397364816609661e+04
1.454445962615648023e+04
1.454471411791188257e+04
1.454476239432263355e+04
1.454463305878929350e+04
1.454435538309145704e+04
1.454395665418413955e+04
1.454345990574127791e+04
1.454288268092864746e+04
1.454223691597652578e+04
1.454153071612878193e+04
1.454077077245424152e+04
1.453996455612342288e+04
1.453912182119995305e+04
1.453825455827120277e+04
1.453737612576841093e+04
1.453649979719812472e+04
1.453563728193398492e+04
1.453479774267960238e+04
1.453398707035674488e+04
1.453320736364098593e+04
1.453245721652723660e+04
1.453173390406064937e+04
1.453103588989896889e+04
1.453036427206311055e+04
1.452972361809446011e+04
1.452912228071524805e+04
1.452857203528111859e+04
1.452808644970177193e+04
1.452767879925589841e+04
1.452736007197446634e+04
1.452713738048541200e+04
1.452701333983909717e+04
1.452698605648789453e+04
1.452704976880477625e+04
1.452719594283792321e+04
1.452741493304253527e+04
1.452769788061070176e+04
1.452803864421784419e+04
1.452843484005169194e+04
1.452888653407899983e+04
1.452939379394910429e+04
1.452995367075094691e+04
1.453055799590801325e+04
1.453119384815656304e+04
1.453184529218443822e+04
1.453249573339160270e+04
1.453312996148256389e+04
1.453373481874763092e+04
1.453429931945597127e+04
1.453481472383936125e+04
1.453527459132112745e+04
1.453567479037669000e+04
1.453601342909204141e+04
1.453629059478111049e+04
1.453650759500051572e+04
1.453666509798150037e+04
1.453676106170654202e+04
1.453678928274419195e+04
1.453673983546847194e+04
1.453660374686268005e+04
1.453637835638028264e+04
1.453607017381650803e+04
1.453569570199598820e+04
1.453527951013876373e+04
1.453485116073439349e+04
1.453444184794030480e+04
1.453408115299349993e+04
1.453379437309623427e+04
1.453360086510571273e+04
1.453351443621588078e+04
1.453354388544262838e+04
1.453369194685563525e+04
1.453395401980653332e+04
1.453431804629060207e+04
1.453476564452418643e+04
1.453527536123621030e+04
1.453582671257536094e+04
1.453640415993479837e+04
1.453700049552072778e+04
1.453761875275969214e+04
1.453827302326568315e+04
1.453898783512150840e+04
1.453979619329575689e+04
1.454073551361821410e+04
1.454184251183767628e+04
1.454314747385175724e+04
1.454466875015733604e+04
1.454640850935283743e+04
1.454835029944009511e+04
1.455046015226168674e+04
1.455269016234946139e+04
1.455498499725644069e+04
1.455728846181216250e+04
1.455954735755868751e+04
1.456171403288963484e+04
1.456374828159845310e+04
1.456561900690042603e+04
1.456730582110907380e+04
1.456879995962891553e+04
1.457010342797807789e+04
1.457122776448357217e+04
1.457219347464748171e+04
1.457302874015212547e+04
1.457376551001779444e+04
1.457443475495419989e+04
1.457506219486464761e+04
1.457566497395491933e+04
1.457625032091376124e+04
1.457681547177131688e+04
1.457734894310872733e+04
1.457783253772747412e+04
1.457824396969520421e+04
1.457855967383477946e+04
1.457875752038840619e+04
1.457881963561820339e+04
1.457873555714830218e+04
1.457850466099420737e+04
1.457813631133172021e+04
1.457764873292700941e+04
1.457706681666997065e+04
1.457641976663298556e+04
1.457573931902607364e+04
1.457505786068990164e+04
1.457440570187563571e+04
1.457380841723154299e+04
1.457328525501321747e+04
1.457284859815692653e+04
1.457250508334052756e+04
1.457225693446869263e+04
1.457210224117857797e+04
1.457203477768508856e+04
1.457204374607122918e+04
1.457211368267014223e+04
1.457222489199858319e+04
1.457235457389931071e+04
1.457247923102246568e+04
1.457257736405249307e+04
1.457263163739114862e+04
1.457263069284815720e+04
1.457257055421012410e+04
1.457245523761731783e+04
1.457229566210408302e+04
1.457210773313982645e+04
1.457190994434102140e+04
1.457172080683844797e+04
1.457155629293924176e+04
1.457142772849395442e+04
1.457134085267828414e+04
1.457129567605575357e+04
1.457128727006121335e+04
1.457130698142054280e+04
1.457134386322449609e+04
1.457138627046650799e+04
1.457142367581440340e+04
1.457144816594830627e+04
1.457145489491678200e+04
1.457144226908305973e+04
1.457141246216615946e+04
1.457137191465309297e+04
1.457133141970729230e+04
1.457130587751558596e+04
1.457131355963597343e+04
1.457137446399395049e+04
1.457150679768343252e+04
1.457172303981255573e+04
1.457202684073815908e+04
1.457241140012486358e+04
1.457286084422082604e+04
1.457335250539420485e+04
1.457385857863745696e+04
1.457434697458501250e+04
1.457478085303946864e+04
1.457511916230312272e+04
1.457532108014568803e+04
1.457535110339259154e+04
1.457518188906364776e+04
1.457479618615329491e+04
1.457418866257103946e+04
1.457336734226751287e+04
1.457235400827098965e+04
1.457118351319546855e+04
1.456990121296496545e+04
1.456855950731574012e+04
1.456721388343339459e+04
1.456591904442812665e+04
1.456472571431313918e+04
1.456367784244265204e+04
1.456281019654452575e+04
1.456214649648687737e+04
1.456169862359384570e+04
1.456146628151235564e+04
1.456143685032074791e+04
1.456158596464125912e+04
1.456187987632124532e+04
1.456227895102464936e+04
1.456274234273323236e+04
1.456323243483725855e+04
1.456371751835938994e+04
1.456417333444483847e+04
1.456458342122545400e+04
1.456493878536981720e+04
1.456523695186758232e+04
1.456548072564371796e+04
1.456567677854516114e+04
1.456583422916052223e+04
1.456596335314509997e+04
1.456607447035038422e+04
1.456617715660202521e+04
1.456627975305484142e+04
1.456638932660394494e+04
1.456651179801111175e+04
1.456665206502904948e+04
1.456681411453111832e+04
1.456700112453146357e+04
1.456721555690904643e+04
1.456745924159250171e+04
1.456773345290246834e+04
1.456803897869739376e+04
1.456837618291785657e+04
1.456874506208071944e+04
1.456914529623098679e+04
1.456957629482032826e+04
1.457003723794509096e+04
1.457052711334293963e+04
1.457104474951602424e+04
1.457158884531886179e+04
1.457215799632456583e+04
1.457275071825501436e+04
1.457336546774042290e+04
1.457400066065137253e+04
1.457465468822616640e+04
1.457532593119927333e+04
1.457601277211905472e+04
1.457671360602803179e+04
1.457742684966364141e+04
1.457815094932531065e+04
1.457888438754059644e+04
1.457962568865230969e+04
1.458037342343781893e+04
1.458112621286210560e+04
1.458188273105763619e+04
1.458264170761590140e+04
1.458340192926702730e+04
1.458416224101854277e+04
1.458492154681672764e+04
1.458567880978851645e+04
1.458643305211675033e+04
1.458718335459650189e+04
1.458792885591520280e+04
1.458866875169631385e+04
1.458940229334086325e+04
1.459012878669912607e+04
1.459084759060064425e+04
1.459155811526816615e+04
1.459225982063851916e+04
1.459295221461046094e+04
1.459363485123823921e+04
1.459430732888640159e+04
1.459496928836073857e+04
1.459562041102753756e+04
1.459626041693238767e+04
1.459688906292829051e+04
1.459750614082150423e+04
1.459811147554206400e+04
1.459870492334581286e+04
1.459928637005287601e+04
1.459985572932698415e+04
1.460041294099967490e+04
1.460095796944231188e+04
1.460149080198814590e+04
1.460201144740661221e+04
1.460251993443108950e+04
1.460301631034117236e+04
1.460350063960000443e+04
1.460397300254697984e+04
1.460443349414574368e+04
1.460488222278718968e+04
1.460531930914700024e+04
1.460574488509685398e+04
1.460615909266861854e+04
1.460656208307032648e+04
1.460695401575285541e+04
1.460733505752607925e+04
1.460770538172308625e+04
1.460806516741113410e+04
1.460841459864781064e+04
1.460875386378101393e+04
1.460908315479107659e+04
1.460940266667365904e+04
1.460971259686175836e+04
1.461001314468529927e+04
1.461030451086680660e+04
1.461058689705162396e+04
1.461086050537112169e+04
1.461112553803746050e+04
1.461138219696845590e+04
1.461163068344104977e+04
1.461187119777209955e+04
1.461210393902500437e+04
1.461232910474097662e+04
1.461254689069354026e+04
1.461275749066513345e+04
1.461296109624454948e+04
1.461315789664403746e+04
1.461334807853502207e+04
1.461353182590127108e+04
1.461370931990855206e+04
1.461388073878974137e+04
1.461404625774443775e+04
1.461420604885216926e+04
1.461436028099834402e+04
1.461450911981207173e+04
1.461465272761507549e+04
1.461479126338094829e+04
1.461492488270400645e+04
1.461505373777708519e+04
1.461517797737757246e+04
1.461529774686111887e+04
1.461541318816239618e+04
1.461552443980235694e+04
1.461563163690146575e+04
1.461573491119841856e+04
1.461583439107385675e+04
1.461593020157864703e+04
1.461602246446629397e+04
1.461611129822912335e+04
1.461619681813780517e+04
1.461627913628394890e+04
1.461635836162535452e+04
1.461643460003369728e+04
1.461650795434429165e+04
1.461657852440771239e+04
1.461664640714299821e+04
1.461671169659219777e+04
1.461677448397607805e+04
1.461683485775074587e+04
1.461689290366501882e+04
1.461694870481838007e+04
1.461700234171932061e+04
1.461705389234396898e+04
1.461710343219482638e+04
1.461715103435949823e+04
1.461719676956931107e+04
1.461724070625770946e+04
1.461728291061830896e+04
1.461732344666255449e+04
1.461736237627687660e+04
1.461739975927928390e+04
1.461743565347531694e+04
1.461747011471332007e+04
1.461750319693895472e+04
1.461753495224893413e+04
1.461756543094391782e+04
1.461759468158053096e+04
1.461762275102249987e+04
1.461764968449083244e+04
1.461767552561306911e+04
1.461770031647155338e+04
1.461772409765071825e+04
1.461774690828336679e+04
1.461776878609595587e+04
1.461778976745285763e+04
1.461780988739960048e+04
1.461782917970510425e+04
1.461784767690287481e+04
1.461786541033120375e+04
1.461788241017234031e+04
1.461789870549066472e+04
1.461791432426987376e+04
1.461792929344915865e+04
1.461794363895841525e+04
1.461795738575249561e+04
1.461797055784449367e+04
1.461798317833809597e+04
1.461799526945900834e+04
1.461800685258546946e+04
1.461801794827786944e+04
1.461802857630748804e+04
1.461803875568437252e+04
1.461804850468437326e+04
1.461805784087533721e+04
1.461806678114250462e+04
1.461807534171310726e+04
1.461808353818018804e+04
1.461809138552566219e+04
1.461809889814264716e+04
1.461810608985705403e+04
1.461811297394849316e+04
1.461811956317047589e+04
1.461812586976995954e+04
1.461813190550623221e+04
1.461813768166916816e+04
1.461814320909686830e+04
1.461814849819268966e+04
1.461815355894170170e+04
1.461815840092657345e+04
1.461816303334290751e+04
1.461816746501404486e+04
1.461817170440533664e+04
1.461817575963793570e+04
1.461817963850207343e+04
1.461818334846988546e+04
1.461818689670776803e+04
1.461819029008828693e+04
1.461819353520166260e+04
1.461819663836683503e+04
1.461819960564212488e+04
1.461820244283550528e+04
1.461820515551449353e+04
1.461820774901567711e+04
1.461821022845389234e+04
1.461821259873105009e+04
1.461821486454463775e+04
1.461821703039590648e+04
1.461821910059774200e+04
1.461822107928223522e+04
1.461822297040798003e+04
1.461822477776707819e+04
1.461822650499188057e+04
1.461822815556147361e+04
1.461822973280791484e+04
1.461823123992222463e+04
1.461823267996014874e+04
1.461823405584769171e+04
1.461823537038644645e+04
1.461823662625870202e+04
1.461823782603235850e+04
1.461823897216565092e+04
1.461824006701167855e+04
1.461824111282276317e+04
1.461824211175462551e+04
1.461824306587041428e+04
1.461824397714454972e+04
1.461824484746643066e+04
1.461824567864398887e+04
1.461824647240709965e+04
1.461824723041085781e+04
1.461824795423871547e+04
1.461824864540550152e+04
1.461824930536031206e+04
1.461824993548928614e+04
1.461825053711826877e+04
1.461825111151536112e+04
1.461825165989337802e+04
1.461825218341218897e+04
1.461825268318097369e+04
1.461825316026038490e+04
1.461825361566461652e+04
1.461825405036338452e+04
1.461825446528384236e+04
1.461825486131239450e+04
1.461825523929644987e+04
1.461825560004609542e+04
1.461825594433570768e+04
1.461825627290548073e+04
1.461825658646291595e+04
1.461825688568422083e+04
1.461825717121567322e+04
1.461825744367490734e+04
1.461825770365216886e+04
1.461825795171149366e+04
1.461825818839184831e+04
1.461825841420822871e+04
1.461825862965269880e+04
1.461825883519539093e+04
1.461825903128546634e+04
1.461825921835203189e+04
1.461825939680501688e+04
1.461825956703601514e+04
1.461825972941908731e+04
1.461825988431153564e+04
1.461826003205463712e+04
1.461826017297434737e+04
1.461826030738198097e+04
1.461826043557485536e+04
1.461826055783690936e+04
1.461826067443928878e+04
1.461826078564092495e+04
1.461826089168906401e+04
1.461826099281979077e+04
1.461826108925852350e+04
1.461826118122048501e+04
1.461826126891116292e+04
1.461826135252673521e+04
1.461826143225448868e+04
1.461826150827321544e+04
1.461826158075359490e+04
1.461826164985854848e+04
1.461826171574359432e+04
1.461826177855717469e+04
1.461826183844097432e+04
1.461826189553022232e+04
1.461826194995398509e+04
1.461826200183543733e+04
1.461826205129213486e+04
1.461826209843625657e+04
1.461826214337485726e+04
1.461826218621009502e+04
1.461826222703944768e+04
1.461826226595592925e+04
1.461826230304829187e+04
1.461826233840121495e+04
1.461826237209549072e+04
1.461826240420820250e+04
1.461826243481288657e+04
1.461826246397970317e+04
1.461826249177558020e+04
1.461826251826436601e+04
1.461826254350696763e+04
1.461826256756147995e+04
1.461826259048332213e+04
1.461826261232535398e+04
1.461826263313799609e+04
1.461826265296933343e+04
1.461826267186523364e+04
1.461826268986943978e+04
1.461826270702366855e+04
1.461826272336770489e+04
1.461826273893949474e+04
1.461826275377521597e+04
1.461826276790937300e+04
1.461826278137486952e+04
1.461826279420307765e+04
1.461826280642391248e+04
1.461826281806589759e+04
1.461826282915623415e+04
1.461826283972084821e+04
1.461826284978446711e+04
1.461826285937066132e+04
1.461826286850190263e+04
1.461826287719961510e+04
1.461826288548422417e+04
1.461826289337520029e+04
1.461826290089110444e+04
1.461826290804962809e+04
1.461826291486763876e+04
1.461826292136121447e+04
1.461826292754567839e+04
1.461826293343563520e+04
1.461826293904501108e+04
1.461826294438707191e+04
1.461826294947446695e+04
1.461826295431924882e+04
1.461826295893290626e+04
1.461826296332638776e+04
1.461826296751012524e+04
1.461826297149406491e+04
1.461826297528768191e+04
1.461826297890000387e+04
1.461826298233963826e+04
1.461826298561478143e+04
1.461826298873324959e+04
1.461826299170248785e+04
1.461826299452958847e+04
1.461826299722131080e+04
1.461826299978409406e+04
1.461826300222407735e+04
1.461826300454710508e+04
1.461826300675874700e+04
1.461826300886431090e+04
1.461826301086884996e+04
1.461826301277718449e+04
1.461826301459390015e+04
1.461826301632336799e+04
1.461826301796975167e+04
1.461826301953702023e+04
1.461826302102895170e+04
1.461826302244914405e+04
1.461826302380102607e+04
1.461826302508786648e+04
1.461826302631277213e+04
1.461826302747870977e+04
1.461826302858849886e+04
1.461826302964482784e+04
1.461826303065025786e+04
1.461826303160722637e+04
1.461826303251805621e+04
1.461826303338496109e+04
1.461826303421004377e+04
1.461826303499531241e+04
1.461826303574267695e+04
1.461826303645395819e+04
1.461826303713088600e+04
1.461826303777511202e+04
1.461826303838820786e+04
1.461826303897166872e+04
1.461826303952692069e+04
1.461826304005531711e+04
1.461826304055815308e+04
1.461826304103665643e+04
1.461826304149200041e+04
1.461826304192529824e+04
1.461826304233761221e+04
1.461826304272995549e+04
1.461826304310328669e+04
1.461826304345852259e+04
1.461826304379653993e+04
1.461826304411816454e+04
1.461826304442418950e+04
1.461826304471536787e+04
1.461826304499241451e+04
1.461826304525601336e+04
1.461826304550681562e+04
1.461826304574543610e+04
1.461826304597246417e+04
1.461826304618846189e+04
1.461826304639396221e+04
1.461826304658947265e+04
1.461826304677547523e+04
1.461826304695243198e+04
1.461826304712078127e+04
1.461826304728093601e+04
1.461826304743329820e+04
1.461826304757824073e+04
1.461826304771612740e+04
1.461826304784729655e+04
1.461826304797207558e+04
1.461826304809077556e+04
1.461826304820368932e+04
1.461826304831109701e+04
1.461826304841326782e+04
1.461826304851045643e+04
1.461826304860290293e+04
1.461826304869083833e+04
1.461826304877448274e+04
1.461826304885404352e+04
1.461826304892971893e+04
1.461826304900169998e+04
1.461826304907016311e+04
1.461826304913528111e+04
1.461826304919721770e+04
1.461826304925612749e+04
1.461826304931215600e+04
1.461826304936544511e+04
1.461826304941612580e+04
1.461826304946432901e+04
1.461826304951017300e+04
1.461826304955377418e+04
1.461826304959523986e+04
1.461826304963467555e+04
1.461826304967218130e+04
1.461826304970784804e+04
1.461826304974176855e+04
1.461826304977402651e+04
1.461826304980470377e+04
1.461826304983387854e+04
1.461826304986162177e+04
1.461826304988800439e+04
1.461826304991309371e+04
1.461826304993695157e+04
1.461826304995963983e+04
1.461826304998121304e+04
1.461826305000172943e+04
1.461826305002123809e+04
1.461826305003978996e+04
1.461826305005742870e+04
1.461826305007420342e+04
1.461826305009015414e+04
1.461826305010532087e+04
1.461826305011974182e+04
1.461826305013345518e+04
1.461826305014649370e+04
1.461826305015889193e+04
1.461826305017068080e+04
1.461826305018189123e+04
1.461826305019255051e+04
1.461826305020268410e+04
1.461826305021232110e+04
1.461826305022148517e+04
1.461826305023019813e+04
1.461826305023848181e+04
1.461826305024635985e+04
1.461826305025384863e+04
1.461826305026097180e+04
1.461826305026774389e+04
1.461826305027418312e+04
1.461826305028030765e+04
1.461826305028613024e+04
1.461826305029166724e+04
1.461826305029693140e+04
1.461826305030193907e+04
1.461826305030670119e+04
1.461826305031122865e+04
1.461826305031553602e+04
1.461826305031963238e+04
1.461826305032352684e+04
1.461826305032723212e+04
1.461826305033075732e+04
1.461826305033410972e+04
1.461826305033730023e+04
1.461826305034033612e+04
1.461826305034322286e+04
1.461826305034597135e+04
1.461826305034858524e+04
1.461826305035107544e+04
1.461826305035344558e+04
1.461826305035570113e+04
1.461826305035784935e+04
1.461826305035989390e+04
1.461826305036184385e+04
1.461826305036370104e+04
1.461826305036546910e+04
1.461826305036715712e+04
1.461826305036876511e+04
1.461826305037030033e+04
1.461826305037176462e+04
1.461826305037316160e+04
1.461826305037449674e+04
1.461826305037577367e+04
1.461826305037699240e+04
1.461826305037815837e+04
1.461826305037927523e+04
1.461826305038034479e+04
1.461826305038137070e+04
1.461826305038235478e+04
1.461826305038329883e+04
1.461826305038420651e+04
1.461826305038507962e+04
1.461826305038592182e+04
1.461826305038673308e+04
1.461826305038751707e+04
1.461826305038827559e+04
1.461826305038901046e+04
1.461826305038972168e+04
1.461826305039041472e+04
1.461826305039108775e+04
1.461826305039174622e+04
1.461826305039238832e+04
1.461826305039301951e+04
1.461826305039363797e+04
1.461826305039424551e+04
1.461826305039484578e+04
1.461826305039543877e+04
1.461826305039602812e+04
1.461826305039661202e+04
1.461826305039719409e+04
1.461826305039777617e+04
1.461826305039835825e+04
1.461826305039894396e+04
1.461826305039953149e+04
1.461826305040012630e+04
1.461826305040072657e+04
1.461826305040133593e+04
1.461826305040195621e+04
1.461826305040258740e+04
1.461826305040323314e+04
1.461826305040389161e+04
1.461826305040456828e+04
1.461826305040526313e+04
1.461826305040597799e+04
1.461826305040671650e+04
1.461826305040747684e+04
1.461826305040826446e+04
1.461826305040907937e+04
1.461826305040992520e+04
1.461826305041080195e+04
1.461826305041171508e+04
1.461826305041266278e+04
1.461826305041365049e+04
1.461826305041468186e+04
1.461826305041575688e+04
1.461826305041687738e+04
1.461826305041805063e+04
1.461826305041927480e+04
1.461826305042055719e+04
1.461826305042189779e+04
1.461826305042330205e+04
1.461826305042477361e+04
1.461826305042631429e+04
1.461826305042792956e+04
1.461826305042962304e+04
1.461826305043140019e+04
1.461826305043326465e+04
1.461826305043522188e+04
1.461826305043727552e+04
1.461826305043943103e+04
1.461826305044169385e+04
1.461826305044407127e+04
1.461826305044656874e+04
1.461826305044919172e+04
1.461826305045194931e+04
1.461826305045484514e+04
1.461826305045788831e+04
1.461826305046108610e+04
1.461826305046444759e+04
1.461826305046798007e+04
1.461826305047169444e+04
1.461826305047559799e+04
1.461826305047970163e+04
1.461826305048401628e+04
1.461826305048855102e+04
1.461826305049331859e+04
1.461826305049833354e+04
1.461826305050360315e+04
1.461826305050914561e+04
1.461826305051497366e+04
1.461826305052110001e+04
1.461826305052754287e+04
1.461826305053431679e+04
1.461826305054144177e+04
1.461826305054893055e+04
1.461826305055680677e+04
1.461826305056508863e+04
1.461826305057379614e+04
1.461826305058295293e+04
1.461826305059258266e+04
1.461826305060270715e+04
1.461826305061335370e+04
1.461826305062454776e+04
1.461826305063631844e+04
1.461826305064869666e+04
1.461826305066171153e+04
1.461826305067539579e+04
1.461826305068978581e+04
1.461826305070491617e+04
1.461826305072082505e+04
1.461826305073755248e+04
1.461826305075514028e+04
1.461826305077363395e+04
1.461826305079307895e+04
1.461826305081352439e+04
1.461826305083501938e+04
1.461826305085762033e+04
1.461826305088138361e+04
1.461826305090636743e+04
1.461826305093263363e+04
1.461826305096025135e+04
1.461826305098928606e+04
1.461826305101981052e+04
1.461826305105190477e+04
1.461826305108564520e+04
1.461826305112111550e+04
1.461826305115840660e+04
1.461826305119761128e+04
1.461826305123882412e+04
1.461826305128215245e+04
1.461826305132769994e+04
1.461826305137558120e+04
1.461826305142591627e+04
1.461826305147883068e+04
1.461826305153445355e+04
1.461826305159292315e+04
1.461826305165438498e+04
1.461826305171899367e+04
1.461826305178690745e+04
1.461826305185829369e+04
1.461826305193333064e+04
1.461826305201220202e+04
1.461826305209510610e+04
1.461826305218224479e+04
1.461826305227383637e+04
1.461826305237010274e+04
1.461826305247128585e+04
1.461826305257763306e+04
1.461826305268940632e+04
1.461826305280688030e+04
1.461826305293034784e+04
1.461826305306010909e+04
1.461826305319648600e+04
1.461826305333981145e+04
1.461826305349044014e+04
1.461826305364873951e+04
1.461826305381509883e+04
1.461826305398992736e+04
1.461826305417365256e+04
1.461826305436672374e+04
1.461826305456961563e+04
1.461826305478282484e+04
1.461826305500687158e+04
1.461826305524230338e+04
1.461826305548969685e+04
1.461826305574965409e+04
1.461826305602281172e+04
1.461826305630983370e+04
1.461826305661142032e+04
1.461826305692830647e+04
1.461826305726126338e+04
1.461826305761110234e+04
1.461826305797867099e+04
1.461826305836486426e+04
1.461826305877062077e+04
1.461826305919692277e+04
1.461826305964480707e+04
1.461826306011535598e+04
1.461826306060971001e+04
1.461826306112906786e+04
1.461826306167468465e+04
1.461826306224787731e+04
1.461826306285003375e+04
1.461826306348260550e+04
1.461826306414711871e+04
1.461826306484517590e+04
1.461826306557845965e+04
1.461826306634873617e+04
1.461826306715785540e+04
1.461826306800776547e+04
1.461826306890050910e+04
1.461826306983822724e+04
1.461826307082316998e+04
1.461826307185770202e+04
1.461826307294430080e+04
1.461826307408556568e+04
1.461826307528423058e+04
1.461826307654315860e+04
1.461826307786536017e+04
1.461826307925398942e+04
1.461826308071236053e+04
1.461826308224394961e+04
1.461826308385240554e+04
1.461826308554155730e+04
1.461826308731542122e+04
1.461826308917821552e+04
1.461826309113436218e+04
1.461826309318850508e+04
1.461826309534551547e+04
1.461826309761050106e+04
1.461826309998882971e+04
1.461826310248612208e+04
1.461826310510828625e+04
1.461826310786151407e+04
1.461826311075230296e+04
1.461826311378747232e+04
1.461826311697416895e+04
1.461826312031990165e+04
1.461826312383253571e+04
1.461826312752032936e+04
1.461826313139194463e+04
1.461826313545646553e+04
1.461826313972342177e+04
1.461826314420280687e+04
1.461826314890510730e+04
1.461826315384131885e+04
1.461826315902297574e+04
1.461826316446217243e+04
1.461826317017159454e+04
1.461826317616454980e+04
1.461826318245498805e+04
1.461826318905754306e+04
1.461826319598755981e+04
1.461826320326112909e+04
1.461826321089512203e+04
1.461826321890723193e+04
1.461826322731600885e+04
1.461826323614090870e+04
1.461826324540232235e+04
1.461826325512163385e+04
1.461826326532126404e+04
1.461826327602471611e+04
1.461826328725663006e+04
1.461826329904283921e+04
1.461826331141042465e+04
1.461826332438777536e+04
1.461826333800464454e+04
1.461826335229222968e+04
1.461826336728322349e+04
1.461826338301189571e+04
1.461826339951416776e+04
1.461826341682768361e+04
1.461826343499190261e+04
1.461826345404817221e+04
1.461826347403982982e+04
1.461826349501228651e+04
1.461826351701313615e+04
1.461826354009224451e+04
1.461826356430186934e+04
1.461826358969676403e+04
1.461826361633430133e+04
1.461826364427459157e+04
1.461826367358061361e+04
1.461826370431835130e+04
1.461826373655692987e+04
1.461826377036876511e+04
1.461826380582972160e+04
1.461826384301926737e+04
1.461826388202064481e+04
1.461826392292104720e+04
1.461826396581180416e+04
1.461826401078857452e+04
1.461826405795154096e+04
1.461826410740563006e+04
1.461826415926072696e+04
1.461826421363190639e+04
1.461826427063967458e+04
1.461826433041021846e+04
1.461826439307566943e+04
1.461826445877437800e+04
1.461826452765120121e+04
1.461826459985780457e+04
1.461826467555296949e+04
1.461826475490292614e+04
1.461826483808169360e+04
1.461826492527144001e+04
1.461826501666285003e+04
1.461826511245552319e+04
1.461826521285837043e+04
1.461826531809005428e+04
1.461826542837941997e+04
1.461826554396596657e+04
1.461826566510033263e+04
1.461826579204479276e+04
1.461826592507380519e+04
1.461826606447454287e+04
1.461826621054748284e+04
1.461826636360700286e+04
1.461826652398201259e+04
1.461826669201660479e+04
1.461826686807074111e+04
1.461826705252096508e+04
1.461826724576115157e+04
1.461826744820327622e+04
1.461826766027823396e+04
1.461826788243667943e+04
1.461826811514991095e+04
1.461826835891079645e+04
1.461826861423472292e+04
1.461826888166061144e+04
1.461826916175194856e+04
1.461826945509788493e+04
1.461826976231436674e+04
1.461827008404531625e+04
1.461827042096387595e+04
1.461827077377368369e+04
1.461827114321022418e+04
1.461827153004221509e+04
1.461827193507307493e+04
1.461827235914243283e+04
1.461827280312771290e+04
1.461827326794578039e+04
1.461827375455465517e+04
1.461827426395530711e+04
1.461827479719350777e+04
1.461827535536177129e+04
1.461827593960137892e+04
1.461827655110447267e+04
1.461827719111624538e+04
1.461827786093721988e+04
1.461827856192561376e+04
1.461827929549981491e+04
1.461828006314093363e+04
1.461828086639548746e+04
1.461828170687816964e+04
1.461828258627474133e+04
1.461828350634503477e+04
1.461828446892607826e+04
1.461828547593535041e+04
1.461828652937414881e+04
1.461828763133110806e+04
1.461828878398584675e+04
1.461828998961275829e+04
1.461829125058495629e+04
1.461829256937836362e+04
1.461829394857596526e+04
1.461829539087222656e+04
1.461829689907768261e+04
1.461829847612369304e+04
1.461830012506739149e+04
1.461830184909681157e+04
1.461830365153621824e+04
1.461830553585162488e+04
1.461830750565653580e+04
1.461830956471787977e+04
1.461831171696218371e+04
1.461831396648196096e+04
1.461831631754234331e+04
1.461831877458794588e+04
1.461832134224998845e+04
1.461832402535366964e+04
1.461832682892580488e+04
1.461832975820273896e+04
1.461833281863854245e+04
1.461833601591348634e+04
1.461833935594282048e+04
1.461834284488586127e+04
1.461834648915537946e+04
1.461835029542732082e+04
1.461835427065085969e+04
1.461835842205877270e+04
1.461836275717818535e+04
1.461836728384165690e+04
1.461837201019863824e+04
1.461837694472730072e+04
1.461838209624675437e+04
1.461838747392964251e+04
1.461839308731515484e+04
1.461839894632244068e+04
1.461840506126443142e+04
1.461841144286210147e+04
1.461841810225916197e+04
1.461842505103718213e+04
1.461843230123117610e+04
1.461843986534563919e+04
1.461844775637104976e+04
1.461845598780083674e+04
1.461846457364883463e+04
1.461847352846721515e+04
1.461848286736489899e+04
1.461849260602648428e+04
1.461850276073165151e+04
1.461851334837507238e+04
1.461852438648684074e+04
1.461853589325337998e+04
1.461854788753889443e+04
1.461856038890728632e+04
1.461857341764462217e+04
1.461858699478206836e+04
1.461860114211935252e+04
1.461861588224870502e+04
1.461863123857930441e+04
1.461864723536219026e+04
1.461866389771567265e+04
1.461868125165117453e+04
1.461869932409954890e+04
1.461871814293781790e+04
1.461873773701633036e+04
1.461875813618631219e+04
1.461877937132780789e+04
1.461880147437794221e+04
1.461882447835954008e+04
1.461884841741000491e+04
1.461887332681047337e+04
1.461889924301518295e+04
1.461892620368101780e+04
1.461895424769719284e+04
1.461898341521500879e+04
1.461901374767766174e+04
1.461904528784999457e+04
1.461907807984819556e+04
1.461911216916930243e+04
1.461914760272051535e+04
1.461918442884816432e+04
1.461922269736632006e+04
1.461926245958489744e+04
1.461930376833719856e+04
1.461934667800676107e+04
1.461939124455344063e+04
1.461943752553854756e+04
1.461948558014899390e+04
1.461953546922026180e+04
1.461958725525805494e+04
1.461964100245852205e+04
1.461969677672686885e+04
1.461975464569418727e+04
1.461981467873235306e+04
1.461987694696678045e+04
1.461994152328687233e+04
1.462000848235392550e+04
1.462007790060630759e+04
1.462014985626168345e+04
1.462022442931603655e+04
1.462030170153925974e+04
1.462038175646705531e+04
1.462046467938890055e+04
1.462055055733176050e+04
1.462063947903931694e+04
1.462073153494640610e+04
1.462082681714831779e+04
1.462092541936470116e+04
1.462102743689776435e+04
1.462113296658435320e+04
1.462124210674168171e+04
1.462135495710631039e+04
1.462147161876601240e+04
1.462159219408424178e+04
1.462171678661677834e+04
1.462184550102024150e+04
1.462197844295209325e+04
1.462211571896176429e+04
1.462225743637263804e+04
1.462240370315443579e+04
1.462255462778573565e+04
1.462271031910634338e+04
1.462287088615914035e+04
1.462303643802119950e+04
1.462320708362390906e+04
1.462338293156183317e+04
1.462356408989027113e+04
1.462375066591115501e+04
1.462394276594752955e+04
1.462414049510622863e+04
1.462434395702908841e+04
1.462455325363273187e+04
1.462476848483707363e+04
1.462498974828298378e+04
1.462521713903941418e+04
1.462545074930074225e+04
1.462569066807479612e+04
1.462593698086271615e+04
1.462618976933135855e+04
1.462644911097993099e+04
1.462671507880181161e+04
1.462698774094386681e+04
1.462726716036467224e+04
1.462755339449445819e+04
1.462784649489909134e+04
1.462814650695114506e+04
1.462845346951180727e+04
1.462876741462688187e+04
1.462908836724185130e+04
1.462941634494076243e+04
1.462975135771391979e+04
1.463009340776146564e+04
1.463044248933904237e+04
1.463079858865334063e+04
1.463116168381621173e+04
1.463153174486671924e+04
1.463190873387158717e+04
1.463229260511555731e+04
1.463268330539495400e+04
1.463308077442767717e+04
1.463348494539619787e+04
1.463389574564021677e+04
1.463431309751791377e+04
1.463473691945651626e+04
1.463516712721498698e+04
1.463560363538414822e+04
1.463604635915068866e+04
1.463649521635619567e+04
1.463695012988282724e+04
1.463741103040245071e+04
1.463787785952746162e+04
1.463835057340651474e+04
1.463882914681181319e+04
1.463931357776852929e+04
1.463980389278104303e+04
1.464030015271794582e+04
1.464080245941957219e+04
1.464131096310011890e+04
1.464182587062268612e+04
1.464234745472937175e+04
1.464287606432069151e+04
1.464341213588127175e+04
1.464395620616114138e+04
1.464450892622906213e+04
1.464507107702428402e+04
1.464564358654576426e+04
1.464622754882544359e+04
1.464682424484920921e+04
1.464743516559848103e+04
1.464806203740254750e+04
1.464870684980639817e+04
1.464937188617304491e+04
1.465005975726339238e+04
1.465077343804808697e+04
1.465151630803406988e+04
1.465229219989116609e+04
1.465310556892125351e+04
1.465396195430905209e+04
1.465486830557277062e+04
1.465583267702759986e+04
1.465686403645573046e+04
1.465797298450389098e+04
1.465917244891520932e+04
1.466047735767693121e+04
1.466190321785687229e+04
1.466346289500426428e+04
1.466516280115824520e+04
1.466699939492799604e+04
1.466895684068653827e+04
1.467100739313515260e+04
1.467311312304074636e+04
1.467522845182560195e+04
1.467730286661464743e+04
1.467928340019715688e+04
1.468111763165738739e+04
1.468275827444095012e+04
1.468416796110455107e+04
1.468532286430983368e+04
1.468621462548624550e+04
1.468684901455886938e+04
1.468724327606315092e+04
1.468742324294031641e+04
1.468742026985134180e+04
1.468726784710161155e+04
1.468699851205779123e+04
1.468664188815041052e+04
1.468622464280667919e+04
1.468577422659090189e+04
1.468532255835341493e+04
1.468490579273713229e+04
1.468456236626002283e+04
1.468433053085896972e+04
1.468424536898085353e+04
1.468433495774939729e+04
1.468461709925945252e+04
1.468509840656106462e+04
1.468577450142213274e+04
1.468663078471192239e+04
1.468764349443090759e+04
1.468878103892659601e+04
1.469000568107878826e+04
1.469127590795957803e+04
1.469254908063879702e+04
1.469378414423328104e+04
1.469494427363492105e+04
1.469599928672841997e+04
1.469692781689944968e+04
1.469771900392818679e+04
1.469837264613736079e+04
1.469889581155690030e+04
1.469929858778376365e+04
1.469959114350062373e+04
1.469978253869255241e+04
1.469988266540148834e+04
1.469990487290763303e+04
1.469986722334617662e+04
1.469979267175761197e+04
1.469970784336999532e+04
1.469964100702750329e+04
1.469961931468493458e+04
1.469966536404259023e+04
1.469979278675019486e+04
1.470000290038076128e+04
1.470028511941118995e+04
1.470061872070030586e+04
1.470097443583157838e+04
1.470131681184694753e+04
1.470160882499730542e+04
1.470181712093425449e+04
1.470191657789325654e+04
1.470189341731400054e+04
1.470174523827495614e+04
1.470148027638971689e+04
1.470111761910603127e+04
1.470068684187193321e+04
1.470022508348496194e+04
1.469977318324439693e+04
1.469937191997215814e+04
1.469905817315475724e+04
1.469886076958038757e+04
1.469879691748765072e+04
1.469887055725215760e+04
1.469907237629381416e+04
1.469938226546382975e+04
1.469977236924130739e+04
1.470020933984622752e+04
1.470065680880167929e+04
1.470107926238461914e+04
1.470144593353660093e+04
1.470173330014005478e+04
1.470192669684368593e+04
1.470202100652292575e+04
1.470202096988407902e+04
1.470194132908917163e+04
1.470180635458133293e+04
1.470164783590219486e+04
1.470150156456110017e+04
1.470140145450834461e+04
1.470137390600282743e+04
1.470143517273547150e+04
1.470159054443818604e+04
1.470183526484610775e+04
1.470215674979376854e+04
1.470253851011599909e+04
1.470296416714496809e+04
1.470342002358014906e+04
1.470389640510266872e+04
1.470438728208469001e+04
1.470488931036097347e+04
1.470540104905738917e+04
1.470592231092011025e+04
1.470645361948873688e+04
1.470699516440411207e+04
1.470754438180906072e+04
1.470809379597441693e+04
1.470863093436534109e+04
1.470913924699567542e+04
1.470959957154275253e+04
1.470999226219962111e+04
1.471030051727873433e+04
1.471051379079557228e+04
1.471063018097647546e+04
1.471065764383038731e+04
1.471061315080531858e+04
1.471052082989006703e+04
1.471040946645592521e+04
1.471030976504295359e+04
1.471025157356160889e+04
1.471026106244236689e+04
1.471035784797655288e+04
1.471055282002586318e+04
1.471084789268560053e+04
1.471123677320080787e+04
1.471170648815565801e+04
1.471223917344329311e+04
1.471281384303741652e+04
1.471340784494389482e+04
1.471399756720551704e+04
1.471455910161202155e+04
1.471506954012236747e+04
1.471550822932758274e+04
1.471585727154230699e+04
1.471610190778785000e+04
1.471623134334302631e+04
1.471623982682721544e+04
1.471612787725896851e+04
1.471590286037629630e+04
1.471557771297463478e+04
1.471516919678241720e+04
1.471469674849034527e+04
1.471418137563498203e+04
1.471364404303040646e+04
1.471310421433351075e+04
1.471257931764819477e+04
1.471208472848327983e+04
1.471163415395971424e+04
1.471123981454202658e+04
1.471091174284918088e+04
1.471065723271955176e+04
1.471048157124413046e+04
1.471038912569021704e+04
1.471038404304542019e+04
1.471047030559552695e+04
1.471065053365867243e+04
1.471092439343313890e+04
1.471128725675418536e+04
1.471172942723136839e+04
1.471223658767119741e+04
1.471279082513019057e+04
1.471337196124301408e+04
1.471395910134504447e+04
1.471453245784947103e+04
1.471507487116728225e+04
1.471557226513751084e+04
1.471601353527325227e+04
1.471639002459869153e+04
1.471669492975235335e+04
1.471692290555360705e+04
1.471706971263655032e+04
1.471713175197196506e+04
1.471710532193644212e+04
1.471698528012548013e+04
1.471676378472589749e+04
1.471642985997681171e+04
1.471596979452995038e+04
1.471536888712950713e+04
1.471461406022677329e+04
1.471369736307752100e+04
1.471261929092298305e+04
1.471139071885379781e+04
1.471003410447201531e+04
1.470858410663028553e+04
1.470708721323791724e+04
1.470559926173743952e+04
1.470418118682637760e+04
1.470289225640937366e+04
1.470178298242318306e+04
1.470088971651374050e+04
1.470023080957051388e+04
1.469980520336025438e+04
1.469959275859678201e+04
1.469955679149961725e+04
1.469964786236421787e+04
1.469980871954321810e+04
1.469997962430922234e+04
1.470010356499720729e+04
1.470013101291607200e+04
1.470002358483984062e+04
1.469975678059684105e+04
1.469932133657583290e+04
1.469872354910492868e+04
1.469798419632732657e+04
1.469713647329057676e+04
1.469622267195326822e+04
1.469529035600097450e+04
1.469438841141822923e+04
1.469356306847754422e+04
1.469285394817928318e+04
1.469229014538808406e+04
1.469188646836059343e+04
1.469164102253195597e+04
1.469153622303984957e+04
1.469154188630412136e+04
1.469162034056883022e+04
1.469173187631023939e+04
1.469183912989328383e+04
1.469191054308820821e+04
1.469192250985198552e+04
1.469186085751376959e+04
1.469172181638317124e+04
1.469151174727836042e+04
1.469124409823561837e+04
1.469093548980383639e+04
1.469060231047060552e+04
1.469025856022244807e+04
1.468991637046294272e+04
1.468958762743693660e+04
1.468928576391291790e+04
1.468902697078445817e+04
1.468882976572000189e+04
1.468871377067893809e+04
1.468869808767745781e+04
1.468879981901725478e+04
1.468903331188199991e+04
1.468940893683457216e+04
1.468992997525060309e+04
1.469058946620673305e+04
1.469136891821883182e+04
1.469223843073140597e+04
1.469315866408044167e+04
1.469408436293206069e+04
1.469497010682438486e+04
1.469577639294674373e+04
1.469647432994442715e+04
1.469704858006977884e+04
1.469749710888359368e+04
1.469782906055215062e+04
1.469806090852494708e+04
1.469821262581369410e+04
1.469830554687479889e+04
1.469836109547185515e+04
1.469840001076914996e+04
1.469844142438030394e+04
1.469850109908303602e+04
1.469858977977769246e+04
1.469871269578080864e+04
1.469886946515664749e+04
1.469905391498477366e+04
1.469925414433633887e+04
1.469945335190319383e+04
1.469963106982282989e+04
1.469976470464885642e+04
1.469983112845096002e+04
1.469980811361277301e+04
1.469967570100741068e+04
1.469941753822545797e+04
1.469902193061159414e+04
1.469848214818690940e+04
1.469779629297918109e+04
1.469696675688004143e+04
1.469599989187155552e+04
1.469490657778318382e+04
1.469370257934184701e+04
1.469240742753746963e+04
1.469104275757138021e+04
1.468963071530640991e+04
1.468819259270687144e+04
1.468674797128439423e+04
1.468531437410340368e+04
1.468390776228869800e+04
1.468254409347901492e+04
1.468124275097458485e+04
1.468002955160464444e+04
1.467893673931568264e+04
1.467800058104339769e+04
1.467725579697983449e+04
1.467672939824263995e+04
1.467643617757773245e+04
1.467637623817305757e+04
1.467653617235533966e+04
1.467689193410961707e+04
1.467741252770002939e+04
1.467806359909869752e+04
1.467881006121008068e+04
1.467961849026845448e+04
1.468045987284045987e+04
1.468131145550001747e+04
1.468215590092332059e+04
1.468297980157272650e+04
1.468377321189225404e+04
1.468452986503805732e+04
1.468524805082079911e+04
1.468593102669624022e+04
1.468658555358231570e+04
1.468721980390608223e+04
1.468784152633491431e+04
1.468845671072415462e+04
1.468906926664555613e+04
1.468968121616182179e+04
1.469029321107431861e+04
1.469090502527528588e+04
1.469151568602016050e+04
1.469212362054300138e+04
1.469272720692280745e+04
1.469332537990408127e+04
1.469391796473934846e+04
1.469450582276853129e+04
1.469509077890478693e+04
1.469567538069837065e+04
1.469626243625501229e+04
1.469685464551767654e+04
1.469745466359897546e+04
1.469806470623767200e+04
1.469868457365514587e+04
1.469931003217366197e+04
1.469993372943033683e+04
1.470054731370240006e+04
1.470114410248382046e+04
1.470172140883126303e+04
1.470228144901441556e+04
1.470283138031000271e+04
1.470338247362782022e+04
1.470394859180025196e+04
1.470454369802106339e+04
1.470517912919975970e+04
1.470586124297350580e+04
1.470658986712641490e+04
1.470735846816336743e+04
1.470815514263821387e+04
1.470896404550413718e+04
1.470976670176901098e+04
1.471054263076904317e+04
1.471126982014353416e+04
1.471192553126976054e+04
1.471248767024758308e+04
1.471293725803805319e+04
1.471326076062401626e+04
1.471345093807885678e+04
1.471350699806836565e+04
1.471343440827743871e+04
1.471324453079869636e+04
1.471295409210334401e+04
1.471258499907965779e+04
1.471216514500137419e+04
1.471172881465783757e+04
1.471131499501426151e+04
1.471096410193005613e+04
1.471071272859732562e+04
1.471058849859573820e+04
1.471060718710419133e+04
1.471077149573987481e+04
1.471107188171203597e+04
1.471148845517756126e+04
1.471199370518816431e+04
1.471255600984425473e+04
1.471314437423315394e+04
1.471373253235569973e+04
1.471430018234890667e+04
1.471483303933245770e+04
1.471532266883689590e+04
1.471576590209498863e+04
1.471616331465754956e+04
1.471651741593052429e+04
1.471683102155363667e+04
1.471710618823836194e+04
1.471734439551379728e+04
1.471754705801491764e+04
1.471771564676048001e+04
1.471785159378656863e+04
1.471795604452167390e+04
1.471802956420697774e+04
1.471807187298790814e+04
1.471808164250571281e+04
1.471805642551475103e+04
1.471799269822870883e+04
1.471788606718056144e+04
1.471773158262268225e+04
1.471752416680629722e+04
