1.366623060000000000e+18
1.366623120000000000e+18
1.366623180000000000e+18
1.366623240000000000e+18
1.366623300000000000e+18
1.366623360000000000e+18
1.366623420000000000e+18
1.366623480000000000e+18
1.366623540000000000e+18
1.366623600000000000e+18
1.366623660000000000e+18
1.366623720000000000e+18
1.366623780000000000e+18
1.366623840000000000e+18
1.366623900000000000e+18
1.366623960000000000e+18
1.366624020000000000e+18
1.366624080000000000e+18
1.366624140000000000e+18
1.366624200000000000e+18
1.366624260000000000e+18
1.366624320000000000e+18
1.366624380000000000e+18
1.366624440000000000e+18
1.366624500000000000e+18
1.366624560000000000e+18
1.366624620000000000e+18
1.366624680000000000e+18
1.366624740000000000e+18
1.366624800000000000e+18
1.366624860000000000e+18
1.366624920000000000e+18
1.366624980000000000e+18
1.366625040000000000e+18
1.366625100000000000e+18
1.366625160000000000e+18
1.366625220000000000e+18
1.366625280000000000e+18
1.366625340000000000e+18
1.366625400000000000e+18
1.366625460000000000e+18
1.366625520000000000e+18
1.366625580000000000e+18
1.366625640000000000e+18
1.366625700000000000e+18
1.366625760000000000e+18
1.366625820000000000e+18
1.366625880000000000e+18
1.366625940000000000e+18
1.366626000000000000e+18
1.366626060000000000e+18
1.366626120000000000e+18
1.366626180000000000e+18
1.366626240000000000e+18
1.366626300000000000e+18
1.366626360000000000e+18
1.366626420000000000e+18
1.366626480000000000e+18
1.366626540000000000e+18
1.366626600000000000e+18
1.366626660000000000e+18
1.366626720000000000e+18
1.366626780000000000e+18
1.366626840000000000e+18
1.366626900000000000e+18
1.366626960000000000e+18
1.366627020000000000e+18
1.366627080000000000e+18
1.366627140000000000e+18
1.366627200000000000e+18
1.366627260000000000e+18
1.366627320000000000e+18
1.366627380000000000e+18
1.366627440000000000e+18
1.366627500000000000e+18
1.366627560000000000e+18
1.366627620000000000e+18
1.366627680000000000e+18
1.366627740000000000e+18
1.366627800000000000e+18
1.366627860000000000e+18
1.366627920000000000e+18
1.366627980000000000e+18
1.366628040000000000e+18
1.366628100000000000e+18
1.366628160000000000e+18
1.366628220000000000e+18
1.366628280000000000e+18
1.366628340000000000e+18
1.366628400000000000e+18
1.366628460000000000e+18
1.366628520000000000e+18
1.366628580000000000e+18
1.366628640000000000e+18
1.366628700000000000e+18
1.366628760000000000e+18
1.366628820000000000e+18
1.366628880000000000e+18
1.366628940000000000e+18
1.366629000000000000e+18
1.366629060000000000e+18
1.366629120000000000e+18
1.366629180000000000e+18
1.366629240000000000e+18
1.366629300000000000e+18
1.366629360000000000e+18
1.366629420000000000e+18
1.366629480000000000e+18
1.366629540000000000e+18
1.366629600000000000e+18
1.366629660000000000e+18
1.366629720000000000e+18
1.366629780000000000e+18
1.366629840000000000e+18
1.366629900000000000e+18
1.366629960000000000e+18
1.366630020000000000e+18
1.366630080000000000e+18
1.366630140000000000e+18
1.366630200000000000e+18
1.366630260000000000e+18
1.366630320000000000e+18
1.366630380000000000e+18
1.366630440000000000e+18
1.366630500000000000e+18
1.366630560000000000e+18
1.366630620000000000e+18
1.366630680000000000e+18
1.366630740000000000e+18
1.366630800000000000e+18
1.366630860000000000e+18
1.366630920000000000e+18
1.366630980000000000e+18
1.366631040000000000e+18
1.366631100000000000e+18
1.366631160000000000e+18
1.366631220000000000e+18
1.366631280000000000e+18
1.366631340000000000e+18
1.366631400000000000e+18
1.366631460000000000e+18
1.366631520000000000e+18
1.366631580000000000e+18
1.366631640000000000e+18
1.366631700000000000e+18
1.366631760000000000e+18
1.366631820000000000e+18
1.366631880000000000e+18
1.366631940000000000e+18
1.366632000000000000e+18
1.366632060000000000e+18
1.366632120000000000e+18
1.366632180000000000e+18
1.366632240000000000e+18
1.366632300000000000e+18
1.366632360000000000e+18
1.366632420000000000e+18
1.366632480000000000e+18
1.366632540000000000e+18
1.366632600000000000e+18
1.366632660000000000e+18
1.366632720000000000e+18
1.366632780000000000e+18
1.366632840000000000e+18
1.366632900000000000e+18
1.366632960000000000e+18
1.366633020000000000e+18
1.366633080000000000e+18
1.366633140000000000e+18
1.366633200000000000e+18
1.366633260000000000e+18
1.366633320000000000e+18
1.366633380000000000e+18
1.366633440000000000e+18
1.366633500000000000e+18
1.366633560000000000e+18
1.366633620000000000e+18
1.366633680000000000e+18
1.366633740000000000e+18
1.366633800000000000e+18
1.366633860000000000e+18
1.366633920000000000e+18
1.366633980000000000e+18
1.366634040000000000e+18
1.366634100000000000e+18
1.366634160000000000e+18
1.366634220000000000e+18
1.366634280000000000e+18
1.366634340000000000e+18
1.366634400000000000e+18
1.366634460000000000e+18
1.366634520000000000e+18
1.366634580000000000e+18
1.366634640000000000e+18
1.366634700000000000e+18
1.366634760000000000e+18
1.366634820000000000e+18
1.366634880000000000e+18
1.366634940000000000e+18
1.366635000000000000e+18
1.366635060000000000e+18
1.366635120000000000e+18
1.366635180000000000e+18
1.366635240000000000e+18
1.366635300000000000e+18
1.366635360000000000e+18
1.366635420000000000e+18
1.366635480000000000e+18
1.366635540000000000e+18
1.366635600000000000e+18
1.366635660000000000e+18
1.366635720000000000e+18
1.366635780000000000e+18
1.366635840000000000e+18
1.366635900000000000e+18
1.366635960000000000e+18
1.366636020000000000e+18
1.366636080000000000e+18
1.366636140000000000e+18
1.366636200000000000e+18
1.366636260000000000e+18
1.366636320000000000e+18
1.366636380000000000e+18
1.366636440000000000e+18
1.366636500000000000e+18
1.366636560000000000e+18
1.366636620000000000e+18
1.366636680000000000e+18
1.366636740000000000e+18
1.366636800000000000e+18
1.366636860000000000e+18
1.366636920000000000e+18
1.366636980000000000e+18
1.366637040000000000e+18
1.366637100000000000e+18
1.366637160000000000e+18
1.366637220000000000e+18
1.366637280000000000e+18
1.366637340000000000e+18
1.366637400000000000e+18
1.366637460000000000e+18
1.366637520000000000e+18
1.366637580000000000e+18
1.366637640000000000e+18
1.366637700000000000e+18
1.366637760000000000e+18
1.366637820000000000e+18
1.366637880000000000e+18
1.366637940000000000e+18
1.366638000000000000e+18
1.366638060000000000e+18
1.366638120000000000e+18
1.366638180000000000e+18
1.366638240000000000e+18
1.366638300000000000e+18
1.366638360000000000e+18
1.366638420000000000e+18
1.366638480000000000e+18
1.366638540000000000e+18
1.366638600000000000e+18
1.366638660000000000e+18
1.366638720000000000e+18
1.366638780000000000e+18
1.366638840000000000e+18
1.366638900000000000e+18
1.366638960000000000e+18
1.366639020000000000e+18
1.366639080000000000e+18
1.366639140000000000e+18
1.366639200000000000e+18
1.366639260000000000e+18
1.366639320000000000e+18
1.366639380000000000e+18
1.366639440000000000e+18
1.366639500000000000e+18
1.366639560000000000e+18
1.366639620000000000e+18
1.366639680000000000e+18
1.366639740000000000e+18
1.366639800000000000e+18
1.366639860000000000e+18
1.366639920000000000e+18
1.366639980000000000e+18
1.366640040000000000e+18
1.366640100000000000e+18
1.366640160000000000e+18
1.366640220000000000e+18
1.366640280000000000e+18
1.366640340000000000e+18
1.366640400000000000e+18
1.366640460000000000e+18
1.366640520000000000e+18
1.366640580000000000e+18
1.366640640000000000e+18
1.366640700000000000e+18
1.366640760000000000e+18
1.366640820000000000e+18
1.366640880000000000e+18
1.366640940000000000e+18
1.366641000000000000e+18
1.366641060000000000e+18
1.366641120000000000e+18
1.366641180000000000e+18
1.366641240000000000e+18
1.366641300000000000e+18
1.366641360000000000e+18
1.366641420000000000e+18
1.366641480000000000e+18
1.366641540000000000e+18
1.366641600000000000e+18
1.366641660000000000e+18
1.366641720000000000e+18
1.366641780000000000e+18
1.366641840000000000e+18
1.366641900000000000e+18
1.366641960000000000e+18
1.366642020000000000e+18
1.366642080000000000e+18
1.366642140000000000e+18
1.366642200000000000e+18
1.366642260000000000e+18
1.366642320000000000e+18
1.366642380000000000e+18
1.366642440000000000e+18
1.366642500000000000e+18
1.366642560000000000e+18
1.366642620000000000e+18
1.366642680000000000e+18
1.366642740000000000e+18
1.366642800000000000e+18
1.366642860000000000e+18
1.366642920000000000e+18
1.366642980000000000e+18
1.366643040000000000e+18
1.366643100000000000e+18
1.366643160000000000e+18
1.366643220000000000e+18
1.366643280000000000e+18
1.366643340000000000e+18
1.366643400000000000e+18
1.366643460000000000e+18
1.366643520000000000e+18
1.366643580000000000e+18
1.366643640000000000e+18
1.366643700000000000e+18
1.366643760000000000e+18
1.366643820000000000e+18
1.366643880000000000e+18
1.366643940000000000e+18
1.366644000000000000e+18
1.366644060000000000e+18
1.366644120000000000e+18
1.366644180000000000e+18
1.366644240000000000e+18
1.366644300000000000e+18
1.366644360000000000e+18
1.366644420000000000e+18
1.366644480000000000e+18
1.366644540000000000e+18
1.366644600000000000e+18
1.366644660000000000e+18
1.366644720000000000e+18
1.366644780000000000e+18
1.366644840000000000e+18
1.366644900000000000e+18
1.366644960000000000e+18
1.366645020000000000e+18
1.366645080000000000e+18
1.366645140000000000e+18
1.366645200000000000e+18
1.366645260000000000e+18
1.366645320000000000e+18
1.366645380000000000e+18
1.366645440000000000e+18
1.366645500000000000e+18
1.366645560000000000e+18
1.366645620000000000e+18
1.366645680000000000e+18
1.366645740000000000e+18
1.366645800000000000e+18
1.366645860000000000e+18
1.366645920000000000e+18
1.366645980000000000e+18
1.366646040000000000e+18
1.366646100000000000e+18
1.366646160000000000e+18
1.366646220000000000e+18
1.366646280000000000e+18
1.366646340000000000e+18
1.366646400000000000e+18
1.366646460000000000e+18
1.366646520000000000e+18
1.366646580000000000e+18
1.366646640000000000e+18
1.366646700000000000e+18
1.366646760000000000e+18
1.366646820000000000e+18
1.366646880000000000e+18
1.366646940000000000e+18
1.366647000000000000e+18
1.366647060000000000e+18
1.366647120000000000e+18
1.366647180000000000e+18
1.366647240000000000e+18
1.366647300000000000e+18
1.366647360000000000e+18
1.366647420000000000e+18
1.366647480000000000e+18
1.366647540000000000e+18
1.366647600000000000e+18
1.366647660000000000e+18
1.366647720000000000e+18
1.366647780000000000e+18
1.366647840000000000e+18
1.366647900000000000e+18
1.366647960000000000e+18
1.366648020000000000e+18
1.366648080000000000e+18
1.366648140000000000e+18
1.366648200000000000e+18
1.366648260000000000e+18
1.366648320000000000e+18
1.366648380000000000e+18
1.366648440000000000e+18
1.366648500000000000e+18
1.366648560000000000e+18
1.366648620000000000e+18
1.366648680000000000e+18
1.366648740000000000e+18
1.366648800000000000e+18
1.366648860000000000e+18
1.366648920000000000e+18
1.366648980000000000e+18
1.366649040000000000e+18
1.366649100000000000e+18
1.366649160000000000e+18
1.366649220000000000e+18
1.366649280000000000e+18
1.366649340000000000e+18
1.366649400000000000e+18
1.366649460000000000e+18
1.366649520000000000e+18
1.366649580000000000e+18
1.366649640000000000e+18
1.366649700000000000e+18
1.366649760000000000e+18
1.366649820000000000e+18
1.366649880000000000e+18
1.366649940000000000e+18
1.366650000000000000e+18
1.366650060000000000e+18
1.366650120000000000e+18
1.366650180000000000e+18
1.366650240000000000e+18
1.366650300000000000e+18
1.366650360000000000e+18
1.366650420000000000e+18
1.366650480000000000e+18
1.366650540000000000e+18
1.366650600000000000e+18
1.366650660000000000e+18
1.366650720000000000e+18
1.366650780000000000e+18
1.366650840000000000e+18
1.366650900000000000e+18
1.366650960000000000e+18
1.366651020000000000e+18
1.366651080000000000e+18
1.366651140000000000e+18
1.366651200000000000e+18
1.366651260000000000e+18
1.366651320000000000e+18
1.366651380000000000e+18
1.366651440000000000e+18
1.366651500000000000e+18
1.366651560000000000e+18
1.366651620000000000e+18
1.366651680000000000e+18
1.366651740000000000e+18
1.366651800000000000e+18
1.366651860000000000e+18
1.366651920000000000e+18
1.366651980000000000e+18
1.366652040000000000e+18
1.366652100000000000e+18
1.366652160000000000e+18
1.366652220000000000e+18
1.366652280000000000e+18
1.366652340000000000e+18
1.366652400000000000e+18
1.366652460000000000e+18
1.366652520000000000e+18
1.366652580000000000e+18
1.366652640000000000e+18
1.366652700000000000e+18
1.366652760000000000e+18
1.366652820000000000e+18
1.366652880000000000e+18
1.366652940000000000e+18
1.366653000000000000e+18
1.366653060000000000e+18
1.366653120000000000e+18
1.366653180000000000e+18
1.366653240000000000e+18
1.366653300000000000e+18
1.366653360000000000e+18
1.366653420000000000e+18
1.366653480000000000e+18
1.366653540000000000e+18
1.366653600000000000e+18
1.366653660000000000e+18
1.366653720000000000e+18
1.366653780000000000e+18
1.366653840000000000e+18
1.366653900000000000e+18
1.366653960000000000e+18
1.366654020000000000e+18
1.366654080000000000e+18
1.366654140000000000e+18
1.366654200000000000e+18
1.366654260000000000e+18
1.366654320000000000e+18
1.366654380000000000e+18
1.366654440000000000e+18
1.366654500000000000e+18
1.366654560000000000e+18
1.366654620000000000e+18
1.366654680000000000e+18
1.366654740000000000e+18
1.366654800000000000e+18
1.366654860000000000e+18
1.366654920000000000e+18
1.366654980000000000e+18
1.366655040000000000e+18
1.366655100000000000e+18
1.366655160000000000e+18
1.366655220000000000e+18
1.366655280000000000e+18
1.366655340000000000e+18
1.366655400000000000e+18
1.366655460000000000e+18
1.366655520000000000e+18
1.366655580000000000e+18
1.366655640000000000e+18
1.366655700000000000e+18
1.366655760000000000e+18
1.366655820000000000e+18
1.366655880000000000e+18
1.366655940000000000e+18
1.366656000000000000e+18
1.366656060000000000e+18
1.366656120000000000e+18
1.366656180000000000e+18
1.366656240000000000e+18
1.366656300000000000e+18
1.366656360000000000e+18
1.366656420000000000e+18
1.366656480000000000e+18
1.366656540000000000e+18
1.366656600000000000e+18
1.366656660000000000e+18
1.366656720000000000e+18
1.366656780000000000e+18
1.366656840000000000e+18
1.366656900000000000e+18
1.366656960000000000e+18
1.366657020000000000e+18
1.366657080000000000e+18
1.366657140000000000e+18
1.366657200000000000e+18
1.366657260000000000e+18
1.366657320000000000e+18
1.366657380000000000e+18
1.366657440000000000e+18
1.366657500000000000e+18
1.366657560000000000e+18
1.366657620000000000e+18
1.366657680000000000e+18
1.366657740000000000e+18
1.366657800000000000e+18
1.366657860000000000e+18
1.366657920000000000e+18
1.366657980000000000e+18
1.366658040000000000e+18
1.366658100000000000e+18
1.366658160000000000e+18
1.366658220000000000e+18
1.366658280000000000e+18
1.366658340000000000e+18
1.366658400000000000e+18
1.366658460000000000e+18
1.366658520000000000e+18
1.366658580000000000e+18
1.366658640000000000e+18
1.366658700000000000e+18
1.366658760000000000e+18
1.366658820000000000e+18
1.366658880000000000e+18
1.366658940000000000e+18
1.366659000000000000e+18
1.366659060000000000e+18
1.366659120000000000e+18
1.366659180000000000e+18
1.366659240000000000e+18
1.366659300000000000e+18
1.366659360000000000e+18
1.366659420000000000e+18
1.366659480000000000e+18
1.366659540000000000e+18
1.366659600000000000e+18
1.366659660000000000e+18
1.366659720000000000e+18
1.366659780000000000e+18
1.366659840000000000e+18
1.366659900000000000e+18
1.366659960000000000e+18
1.366660020000000000e+18
1.366660080000000000e+18
1.366660140000000000e+18
1.366660200000000000e+18
1.366660260000000000e+18
1.366660320000000000e+18
1.366660380000000000e+18
1.366660440000000000e+18
1.366660500000000000e+18
1.366660560000000000e+18
1.366660620000000000e+18
1.366660680000000000e+18
1.366660740000000000e+18
1.366660800000000000e+18
1.366660860000000000e+18
1.366660920000000000e+18
1.366660980000000000e+18
1.366661040000000000e+18
1.366661100000000000e+18
1.366661160000000000e+18
1.366661220000000000e+18
1.366661280000000000e+18
1.366661340000000000e+18
1.366661400000000000e+18
1.366661460000000000e+18
1.366661520000000000e+18
1.366661580000000000e+18
1.366661640000000000e+18
1.366661700000000000e+18
1.366661760000000000e+18
1.366661820000000000e+18
1.366661880000000000e+18
1.366661940000000000e+18
1.366662000000000000e+18
1.366662060000000000e+18
1.366662120000000000e+18
1.366662180000000000e+18
1.366662240000000000e+18
1.366662300000000000e+18
1.366662360000000000e+18
1.366662420000000000e+18
1.366662480000000000e+18
1.366662540000000000e+18
1.366662600000000000e+18
1.366662660000000000e+18
1.366662720000000000e+18
1.366662780000000000e+18
1.366662840000000000e+18
1.366662900000000000e+18
1.366662960000000000e+18
1.366663020000000000e+18
1.366663080000000000e+18
1.366663140000000000e+18
1.366663200000000000e+18
1.366663260000000000e+18
1.366663320000000000e+18
1.366663380000000000e+18
1.366663440000000000e+18
1.366663500000000000e+18
1.366663560000000000e+18
1.366663620000000000e+18
1.366663680000000000e+18
1.366663740000000000e+18
1.366663800000000000e+18
1.366663860000000000e+18
1.366663920000000000e+18
1.366663980000000000e+18
1.366664040000000000e+18
1.366664100000000000e+18
1.366664160000000000e+18
1.366664220000000000e+18
1.366664280000000000e+18
1.366664340000000000e+18
1.366664400000000000e+18
1.366664460000000000e+18
1.366664520000000000e+18
1.366664580000000000e+18
1.366664640000000000e+18
1.366664700000000000e+18
1.366664760000000000e+18
1.366664820000000000e+18
1.366664880000000000e+18
1.366664940000000000e+18
1.366665000000000000e+18
1.366665060000000000e+18
1.366665120000000000e+18
1.366665180000000000e+18
1.366665240000000000e+18
1.366665300000000000e+18
1.366665360000000000e+18
1.366665420000000000e+18
1.366665480000000000e+18
1.366665540000000000e+18
1.366665600000000000e+18
1.366665660000000000e+18
1.366665720000000000e+18
1.366665780000000000e+18
1.366665840000000000e+18
1.366665900000000000e+18
1.366665960000000000e+18
1.366666020000000000e+18
1.366666080000000000e+18
1.366666140000000000e+18
1.366666200000000000e+18
1.366666260000000000e+18
1.366666320000000000e+18
1.366666380000000000e+18
1.366666440000000000e+18
1.366666500000000000e+18
1.366666560000000000e+18
1.366666620000000000e+18
1.366666680000000000e+18
1.366666740000000000e+18
1.366666800000000000e+18
1.366666860000000000e+18
1.366666920000000000e+18
1.366666980000000000e+18
1.366667040000000000e+18
1.366667100000000000e+18
1.366667160000000000e+18
1.366667220000000000e+18
1.366667280000000000e+18
1.366667340000000000e+18
1.366667400000000000e+18
1.366667460000000000e+18
1.366667520000000000e+18
1.366667580000000000e+18
1.366667640000000000e+18
1.366667700000000000e+18
1.366667760000000000e+18
1.366667820000000000e+18
1.366667880000000000e+18
1.366667940000000000e+18
1.366668000000000000e+18
1.366668060000000000e+18
1.366668120000000000e+18
1.366668180000000000e+18
1.366668240000000000e+18
1.366668300000000000e+18
1.366668360000000000e+18
1.366668420000000000e+18
1.366668480000000000e+18
1.366668540000000000e+18
1.366668600000000000e+18
1.366668660000000000e+18
1.366668720000000000e+18
1.366668780000000000e+18
1.366668840000000000e+18
1.366668900000000000e+18
1.366668960000000000e+18
1.366669020000000000e+18
1.366669080000000000e+18
1.366669140000000000e+18
1.366669200000000000e+18
1.366669260000000000e+18
1.366669320000000000e+18
1.366669380000000000e+18
1.366669440000000000e+18
1.366669500000000000e+18
1.366669560000000000e+18
1.366669620000000000e+18
1.366669680000000000e+18
1.366669740000000000e+18
1.366669800000000000e+18
1.366669860000000000e+18
1.366669920000000000e+18
1.366669980000000000e+18
1.366670040000000000e+18
1.366670100000000000e+18
1.366670160000000000e+18
1.366670220000000000e+18
1.366670280000000000e+18
1.366670340000000000e+18
1.366670400000000000e+18
1.366670460000000000e+18
1.366670520000000000e+18
1.366670580000000000e+18
1.366670640000000000e+18
1.366670700000000000e+18
1.366670760000000000e+18
1.366670820000000000e+18
1.366670880000000000e+18
1.366670940000000000e+18
1.366671000000000000e+18
1.366671060000000000e+18
1.366671120000000000e+18
1.366671180000000000e+18
1.366671240000000000e+18
1.366671300000000000e+18
1.366671360000000000e+18
1.366671420000000000e+18
1.366671480000000000e+18
1.366671540000000000e+18
1.366671600000000000e+18
1.366671660000000000e+18
1.366671720000000000e+18
1.366671780000000000e+18
1.366671840000000000e+18
1.366671900000000000e+18
1.366671960000000000e+18
1.366672020000000000e+18
1.366672080000000000e+18
1.366672140000000000e+18
1.366672200000000000e+18
1.366672260000000000e+18
1.366672320000000000e+18
1.366672380000000000e+18
1.366672440000000000e+18
1.366672500000000000e+18
1.366672560000000000e+18
1.366672620000000000e+18
1.366672680000000000e+18
1.366672740000000000e+18
1.366672800000000000e+18
1.366672860000000000e+18
1.366672920000000000e+18
1.366672980000000000e+18
1.366673040000000000e+18
1.366673100000000000e+18
1.366673160000000000e+18
1.366673220000000000e+18
1.366673280000000000e+18
1.366673340000000000e+18
1.366673400000000000e+18
1.366673460000000000e+18
1.366673520000000000e+18
1.366673580000000000e+18
1.366673640000000000e+18
1.366673700000000000e+18
1.366673760000000000e+18
1.366673820000000000e+18
1.366673880000000000e+18
1.366673940000000000e+18
1.366674000000000000e+18
1.366674060000000000e+18
1.366674120000000000e+18
1.366674180000000000e+18
1.366674240000000000e+18
1.366674300000000000e+18
1.366674360000000000e+18
1.366674420000000000e+18
1.366674480000000000e+18
1.366674540000000000e+18
1.366674600000000000e+18
1.366674660000000000e+18
1.366674720000000000e+18
1.366674780000000000e+18
1.366674840000000000e+18
1.366674900000000000e+18
1.366674960000000000e+18
1.366675020000000000e+18
1.366675080000000000e+18
1.366675140000000000e+18
1.366675200000000000e+18
1.366675260000000000e+18
1.366675320000000000e+18
1.366675380000000000e+18
1.366675440000000000e+18
1.366675500000000000e+18
1.366675560000000000e+18
1.366675620000000000e+18
1.366675680000000000e+18
1.366675740000000000e+18
1.366675800000000000e+18
1.366675860000000000e+18
1.366675920000000000e+18
1.366675980000000000e+18
1.366676040000000000e+18
1.366676100000000000e+18
1.366676160000000000e+18
1.366676220000000000e+18
1.366676280000000000e+18
1.366676340000000000e+18
1.366676400000000000e+18
1.366676460000000000e+18
1.366676520000000000e+18
1.366676580000000000e+18
1.366676640000000000e+18
1.366676700000000000e+18
1.366676760000000000e+18
1.366676820000000000e+18
1.366676880000000000e+18
1.366676940000000000e+18
1.366677000000000000e+18
1.366677060000000000e+18
1.366677120000000000e+18
1.366677180000000000e+18
1.366677240000000000e+18
1.366677300000000000e+18
1.366677360000000000e+18
1.366677420000000000e+18
1.366677480000000000e+18
1.366677540000000000e+18
1.366677600000000000e+18
1.366677660000000000e+18
1.366677720000000000e+18
1.366677780000000000e+18
1.366677840000000000e+18
1.366677900000000000e+18
1.366677960000000000e+18
1.366678020000000000e+18
1.366678080000000000e+18
1.366678140000000000e+18
1.366678200000000000e+18
1.366678260000000000e+18
1.366678320000000000e+18
1.366678380000000000e+18
1.366678440000000000e+18
1.366678500000000000e+18
1.366678560000000000e+18
1.366678620000000000e+18
1.366678680000000000e+18
1.366678740000000000e+18
1.366678800000000000e+18
1.366678860000000000e+18
1.366678920000000000e+18
1.366678980000000000e+18
1.366679040000000000e+18
1.366679100000000000e+18
1.366679160000000000e+18
1.366679220000000000e+18
1.366679280000000000e+18
1.366679340000000000e+18
1.366679400000000000e+18
1.366679460000000000e+18
1.366679520000000000e+18
1.366679580000000000e+18
1.366679640000000000e+18
1.366679700000000000e+18
1.366679760000000000e+18
1.366679820000000000e+18
1.366679880000000000e+18
1.366679940000000000e+18
1.366680000000000000e+18
1.366680060000000000e+18
1.366680120000000000e+18
1.366680180000000000e+18
1.366680240000000000e+18
1.366680300000000000e+18
1.366680360000000000e+18
1.366680420000000000e+18
1.366680480000000000e+18
1.366680540000000000e+18
1.366680600000000000e+18
1.366680660000000000e+18
1.366680720000000000e+18
1.366680780000000000e+18
1.366680840000000000e+18
1.366680900000000000e+18
1.366680960000000000e+18
1.366681020000000000e+18
1.366681080000000000e+18
1.366681140000000000e+18
1.366681200000000000e+18
1.366681260000000000e+18
1.366681320000000000e+18
1.366681380000000000e+18
1.366681440000000000e+18
1.366681500000000000e+18
1.366681560000000000e+18
1.366681620000000000e+18
1.366681680000000000e+18
1.366681740000000000e+18
1.366681800000000000e+18
1.366681860000000000e+18
1.366681920000000000e+18
1.366681980000000000e+18
1.366682040000000000e+18
1.366682100000000000e+18
1.366682160000000000e+18
1.366682220000000000e+18
1.366682280000000000e+18
1.366682340000000000e+18
1.366682400000000000e+18
1.366682460000000000e+18
1.366682520000000000e+18
1.366682580000000000e+18
1.366682640000000000e+18
1.366682700000000000e+18
1.366682760000000000e+18
1.366682820000000000e+18
1.366682880000000000e+18
1.366682940000000000e+18
1.366683000000000000e+18
1.366683060000000000e+18
1.366683120000000000e+18
1.366683180000000000e+18
1.366683240000000000e+18
1.366683300000000000e+18
1.366683360000000000e+18
1.366683420000000000e+18
1.366683480000000000e+18
1.366683540000000000e+18
1.366683600000000000e+18
1.366683660000000000e+18
1.366683720000000000e+18
1.366683780000000000e+18
1.366683840000000000e+18
1.366683900000000000e+18
1.366683960000000000e+18
1.366684020000000000e+18
1.366684080000000000e+18
1.366684140000000000e+18
1.366684200000000000e+18
1.366684260000000000e+18
1.366684320000000000e+18
1.366684380000000000e+18
1.366684440000000000e+18
1.366684500000000000e+18
1.366684560000000000e+18
1.366684620000000000e+18
1.366684680000000000e+18
1.366684740000000000e+18
1.366684800000000000e+18
1.366684860000000000e+18
1.366684920000000000e+18
1.366684980000000000e+18
1.366685040000000000e+18
1.366685100000000000e+18
1.366685160000000000e+18
1.366685220000000000e+18
1.366685280000000000e+18
1.366685340000000000e+18
1.366685400000000000e+18
1.366685460000000000e+18
1.366685520000000000e+18
1.366685580000000000e+18
1.366685640000000000e+18
1.366685700000000000e+18
1.366685760000000000e+18
1.366685820000000000e+18
1.366685880000000000e+18
1.366685940000000000e+18
1.366686000000000000e+18
1.366686060000000000e+18
1.366686120000000000e+18
1.366686180000000000e+18
1.366686240000000000e+18
1.366686300000000000e+18
1.366686360000000000e+18
1.366686420000000000e+18
1.366686480000000000e+18
1.366686540000000000e+18
1.366686600000000000e+18
1.366686660000000000e+18
1.366686720000000000e+18
1.366686780000000000e+18
1.366686840000000000e+18
1.366686900000000000e+18
1.366686960000000000e+18
1.366687020000000000e+18
1.366687080000000000e+18
1.366687140000000000e+18
1.366687200000000000e+18
1.366687260000000000e+18
1.366687320000000000e+18
1.366687380000000000e+18
1.366687440000000000e+18
1.366687500000000000e+18
1.366687560000000000e+18
1.366687620000000000e+18
1.366687680000000000e+18
1.366687740000000000e+18
1.366687800000000000e+18
1.366687860000000000e+18
1.366687920000000000e+18
1.366687980000000000e+18
1.366688040000000000e+18
1.366688100000000000e+18
1.366688160000000000e+18
1.366688220000000000e+18
1.366688280000000000e+18
1.366688340000000000e+18
1.366688400000000000e+18
1.366688460000000000e+18
1.366688520000000000e+18
1.366688580000000000e+18
1.366688640000000000e+18
1.366688700000000000e+18
1.366688760000000000e+18
1.366688820000000000e+18
1.366688880000000000e+18
1.366688940000000000e+18
1.366689000000000000e+18
1.366689060000000000e+18
1.366689120000000000e+18
1.366689180000000000e+18
1.366689240000000000e+18
1.366689300000000000e+18
1.366689360000000000e+18
1.366689420000000000e+18
1.366689480000000000e+18
1.366689540000000000e+18
1.366689600000000000e+18
1.366689660000000000e+18
1.366689720000000000e+18
1.366689780000000000e+18
1.366689840000000000e+18
1.366689900000000000e+18
1.366689960000000000e+18
1.366690020000000000e+18
1.366690080000000000e+18
1.366690140000000000e+18
1.366690200000000000e+18
1.366690260000000000e+18
1.366690320000000000e+18
1.366690380000000000e+18
1.366690440000000000e+18
1.366690500000000000e+18
1.366690560000000000e+18
1.366690620000000000e+18
1.366690680000000000e+18
1.366690740000000000e+18
1.366690800000000000e+18
1.366690860000000000e+18
1.366690920000000000e+18
1.366690980000000000e+18
1.366691040000000000e+18
1.366691100000000000e+18
1.366691160000000000e+18
1.366691220000000000e+18
1.366691280000000000e+18
1.366691340000000000e+18
1.366691400000000000e+18
1.366691460000000000e+18
1.366691520000000000e+18
1.366691580000000000e+18
1.366691640000000000e+18
1.366691700000000000e+18
1.366691760000000000e+18
1.366691820000000000e+18
1.366691880000000000e+18
1.366691940000000000e+18
1.366692000000000000e+18
1.366692060000000000e+18
1.366692120000000000e+18
1.366692180000000000e+18
1.366692240000000000e+18
1.366692300000000000e+18
1.366692360000000000e+18
1.366692420000000000e+18
1.366692480000000000e+18
1.366692540000000000e+18
1.366692600000000000e+18
1.366692660000000000e+18
1.366692720000000000e+18
1.366692780000000000e+18
1.366692840000000000e+18
1.366692900000000000e+18
1.366692960000000000e+18
1.366693020000000000e+18
1.366693080000000000e+18
1.366693140000000000e+18
1.366693200000000000e+18
1.366693260000000000e+18
1.366693320000000000e+18
1.366693380000000000e+18
1.366693440000000000e+18
1.366693500000000000e+18
1.366693560000000000e+18
1.366693620000000000e+18
1.366693680000000000e+18
1.366693740000000000e+18
1.366693800000000000e+18
1.366693860000000000e+18
1.366693920000000000e+18
1.366693980000000000e+18
1.366694040000000000e+18
1.366694100000000000e+18
1.366694160000000000e+18
1.366694220000000000e+18
1.366694280000000000e+18
1.366694340000000000e+18
1.366694400000000000e+18
1.366694460000000000e+18
1.366694520000000000e+18
1.366694580000000000e+18
1.366694640000000000e+18
1.366694700000000000e+18
1.366694760000000000e+18
1.366694820000000000e+18
1.366694880000000000e+18
1.366694940000000000e+18
1.366695000000000000e+18
1.366695060000000000e+18
1.366695120000000000e+18
1.366695180000000000e+18
1.366695240000000000e+18
1.366695300000000000e+18
1.366695360000000000e+18
1.366695420000000000e+18
1.366695480000000000e+18
1.366695540000000000e+18
1.366695600000000000e+18
1.366695660000000000e+18
1.366695720000000000e+18
1.366695780000000000e+18
1.366695840000000000e+18
1.366695900000000000e+18
1.366695960000000000e+18
1.366696020000000000e+18
1.366696080000000000e+18
1.366696140000000000e+18
1.366696200000000000e+18
1.366696260000000000e+18
1.366696320000000000e+18
1.366696380000000000e+18
1.366696440000000000e+18
1.366696500000000000e+18
1.366696560000000000e+18
1.366696620000000000e+18
1.366696680000000000e+18
1.366696740000000000e+18
1.366696800000000000e+18
1.366696860000000000e+18
1.366696920000000000e+18
1.366696980000000000e+18
1.366697040000000000e+18
1.366697100000000000e+18
1.366697160000000000e+18
1.366697220000000000e+18
1.366697280000000000e+18
1.366697340000000000e+18
1.366697400000000000e+18
1.366697460000000000e+18
1.366697520000000000e+18
1.366697580000000000e+18
1.366697640000000000e+18
1.366697700000000000e+18
1.366697760000000000e+18
1.366697820000000000e+18
1.366697880000000000e+18
1.366697940000000000e+18
1.366698000000000000e+18
1.366698060000000000e+18
1.366698120000000000e+18
1.366698180000000000e+18
1.366698240000000000e+18
1.366698300000000000e+18
1.366698360000000000e+18
1.366698420000000000e+18
1.366698480000000000e+18
1.366698540000000000e+18
1.366698600000000000e+18
1.366698660000000000e+18
1.366698720000000000e+18
1.366698780000000000e+18
1.366698840000000000e+18
1.366698900000000000e+18
1.366698960000000000e+18
1.366699020000000000e+18
1.366699080000000000e+18
1.366699140000000000e+18
1.366699200000000000e+18
1.366699260000000000e+18
1.366699320000000000e+18
1.366699380000000000e+18
1.366699440000000000e+18
1.366699500000000000e+18
1.366699560000000000e+18
1.366699620000000000e+18
1.366699680000000000e+18
1.366699740000000000e+18
1.366699800000000000e+18
1.366699860000000000e+18
1.366699920000000000e+18
1.366699980000000000e+18
1.366700040000000000e+18
1.366700100000000000e+18
1.366700160000000000e+18
1.366700220000000000e+18
1.366700280000000000e+18
1.366700340000000000e+18
1.366700400000000000e+18
1.366700460000000000e+18
1.366700520000000000e+18
1.366700580000000000e+18
1.366700640000000000e+18
1.366700700000000000e+18
1.366700760000000000e+18
1.366700820000000000e+18
1.366700880000000000e+18
1.366700940000000000e+18
1.366701000000000000e+18
1.366701060000000000e+18
1.366701120000000000e+18
1.366701180000000000e+18
1.366701240000000000e+18
1.366701300000000000e+18
1.366701360000000000e+18
1.366701420000000000e+18
1.366701480000000000e+18
1.366701540000000000e+18
1.366701600000000000e+18
1.366701660000000000e+18
1.366701720000000000e+18
1.366701780000000000e+18
1.366701840000000000e+18
1.366701900000000000e+18
1.366701960000000000e+18
1.366702020000000000e+18
1.366702080000000000e+18
1.366702140000000000e+18
1.366702200000000000e+18
1.366702260000000000e+18
1.366702320000000000e+18
1.366702380000000000e+18
1.366702440000000000e+18
1.366702500000000000e+18
1.366702560000000000e+18
1.366702620000000000e+18
1.366702680000000000e+18
1.366702740000000000e+18
1.366702800000000000e+18
1.366702860000000000e+18
1.366702920000000000e+18
1.366702980000000000e+18
1.366703040000000000e+18
1.366703100000000000e+18
1.366703160000000000e+18
1.366703220000000000e+18
1.366703280000000000e+18
1.366703340000000000e+18
1.366703400000000000e+18
1.366703460000000000e+18
1.366703520000000000e+18
1.366703580000000000e+18
1.366703640000000000e+18
1.366703700000000000e+18
1.366703760000000000e+18
1.366703820000000000e+18
1.366703880000000000e+18
1.366703940000000000e+18
1.366704000000000000e+18
1.366704060000000000e+18
1.366704120000000000e+18
1.366704180000000000e+18
1.366704240000000000e+18
1.366704300000000000e+18
1.366704360000000000e+18
1.366704420000000000e+18
1.366704480000000000e+18
1.366704540000000000e+18
1.366704600000000000e+18
1.366704660000000000e+18
1.366704720000000000e+18
1.366704780000000000e+18
1.366704840000000000e+18
1.366704900000000000e+18
1.366704960000000000e+18
1.366705020000000000e+18
1.366705080000000000e+18
1.366705140000000000e+18
1.366705200000000000e+18
1.366705260000000000e+18
1.366705320000000000e+18
1.366705380000000000e+18
1.366705440000000000e+18
1.366705500000000000e+18
1.366705560000000000e+18
1.366705620000000000e+18
1.366705680000000000e+18
1.366705740000000000e+18
1.366705800000000000e+18
1.366705860000000000e+18
1.366705920000000000e+18
1.366705980000000000e+18
1.366706040000000000e+18
1.366706100000000000e+18
1.366706160000000000e+18
1.366706220000000000e+18
1.366706280000000000e+18
1.366706340000000000e+18
1.366706400000000000e+18
1.366706460000000000e+18
1.366706520000000000e+18
1.366706580000000000e+18
1.366706640000000000e+18
1.366706700000000000e+18
1.366706760000000000e+18
1.366706820000000000e+18
1.366706880000000000e+18
1.366706940000000000e+18
1.366707000000000000e+18
1.366707060000000000e+18
1.366707120000000000e+18
1.366707180000000000e+18
1.366707240000000000e+18
1.366707300000000000e+18
1.366707360000000000e+18
1.366707420000000000e+18
1.366707480000000000e+18
1.366707540000000000e+18
1.366707600000000000e+18
1.366707660000000000e+18
1.366707720000000000e+18
1.366707780000000000e+18
1.366707840000000000e+18
1.366707900000000000e+18
1.366707960000000000e+18
1.366708020000000000e+18
1.366708080000000000e+18
1.366708140000000000e+18
1.366708200000000000e+18
1.366708260000000000e+18
1.366708320000000000e+18
1.366708380000000000e+18
1.366708440000000000e+18
1.366708500000000000e+18
1.366708560000000000e+18
1.366708620000000000e+18
1.366708680000000000e+18
1.366708740000000000e+18
1.366708800000000000e+18
1.366708860000000000e+18
1.366708920000000000e+18
1.366708980000000000e+18
1.366709040000000000e+18
1.366709100000000000e+18
1.366709160000000000e+18
1.366709220000000000e+18
1.366709280000000000e+18
1.366709340000000000e+18
1.366709400000000000e+18
1.366709460000000000e+18
1.366709520000000000e+18
1.366709580000000000e+18
1.366709640000000000e+18
1.366709700000000000e+18
1.366709760000000000e+18
1.366709820000000000e+18
1.366709880000000000e+18
1.366709940000000000e+18
1.366710000000000000e+18
1.366710060000000000e+18
1.366710120000000000e+18
1.366710180000000000e+18
1.366710240000000000e+18
1.366710300000000000e+18
1.366710360000000000e+18
1.366710420000000000e+18
1.366710480000000000e+18
1.366710540000000000e+18
1.366710600000000000e+18
1.366710660000000000e+18
1.366710720000000000e+18
1.366710780000000000e+18
1.366710840000000000e+18
1.366710900000000000e+18
1.366710960000000000e+18
1.366711020000000000e+18
1.366711080000000000e+18
1.366711140000000000e+18
1.366711200000000000e+18
1.366711260000000000e+18
1.366711320000000000e+18
1.366711380000000000e+18
1.366711440000000000e+18
1.366711500000000000e+18
1.366711560000000000e+18
1.366711620000000000e+18
1.366711680000000000e+18
1.366711740000000000e+18
1.366711800000000000e+18
1.366711860000000000e+18
1.366711920000000000e+18
1.366711980000000000e+18
1.366712040000000000e+18
1.366712100000000000e+18
1.366712160000000000e+18
1.366712220000000000e+18
1.366712280000000000e+18
1.366712340000000000e+18
1.366712400000000000e+18
1.366712460000000000e+18
1.366712520000000000e+18
1.366712580000000000e+18
1.366712640000000000e+18
1.366712700000000000e+18
1.366712760000000000e+18
1.366712820000000000e+18
1.366712880000000000e+18
1.366712940000000000e+18
1.366713000000000000e+18
1.366713060000000000e+18
1.366713120000000000e+18
1.366713180000000000e+18
1.366713240000000000e+18
1.366713300000000000e+18
1.366713360000000000e+18
1.366713420000000000e+18
1.366713480000000000e+18
1.366713540000000000e+18
1.366713600000000000e+18
1.366713660000000000e+18
1.366713720000000000e+18
1.366713780000000000e+18
1.366713840000000000e+18
1.366713900000000000e+18
1.366713960000000000e+18
1.366714020000000000e+18
1.366714080000000000e+18
1.366714140000000000e+18
1.366714200000000000e+18
1.366714260000000000e+18
1.366714320000000000e+18
1.366714380000000000e+18
1.366714440000000000e+18
1.366714500000000000e+18
1.366714560000000000e+18
1.366714620000000000e+18
1.366714680000000000e+18
1.366714740000000000e+18
1.366714800000000000e+18
1.366714860000000000e+18
1.366714920000000000e+18
1.366714980000000000e+18
1.366715040000000000e+18
1.366715100000000000e+18
1.366715160000000000e+18
1.366715220000000000e+18
1.366715280000000000e+18
1.366715340000000000e+18
1.366715400000000000e+18
1.366715460000000000e+18
1.366715520000000000e+18
1.366715580000000000e+18
1.366715640000000000e+18
1.366715700000000000e+18
1.366715760000000000e+18
1.366715820000000000e+18
1.366715880000000000e+18
1.366715940000000000e+18
1.366716000000000000e+18
1.366716060000000000e+18
1.366716120000000000e+18
1.366716180000000000e+18
1.366716240000000000e+18
1.366716300000000000e+18
1.366716360000000000e+18
1.366716420000000000e+18
1.366716480000000000e+18
1.366716540000000000e+18
1.366716600000000000e+18
1.366716660000000000e+18
1.366716720000000000e+18
1.366716780000000000e+18
1.366716840000000000e+18
1.366716900000000000e+18
1.366716960000000000e+18
1.366717020000000000e+18
1.366717080000000000e+18
1.366717140000000000e+18
1.366717200000000000e+18
1.366717260000000000e+18
1.366717320000000000e+18
1.366717380000000000e+18
1.366717440000000000e+18
1.366717500000000000e+18
1.366717560000000000e+18
1.366717620000000000e+18
1.366717680000000000e+18
1.366717740000000000e+18
1.366717800000000000e+18
1.366717860000000000e+18
1.366717920000000000e+18
1.366717980000000000e+18
1.366718040000000000e+18
1.366718100000000000e+18
1.366718160000000000e+18
1.366718220000000000e+18
1.366718280000000000e+18
1.366718340000000000e+18
1.366718400000000000e+18
1.366718460000000000e+18
1.366718520000000000e+18
1.366718580000000000e+18
1.366718640000000000e+18
1.366718700000000000e+18
1.366718760000000000e+18
1.366718820000000000e+18
1.366718880000000000e+18
1.366718940000000000e+18
1.366719000000000000e+18
1.366719060000000000e+18
1.366719120000000000e+18
1.366719180000000000e+18
1.366719240000000000e+18
1.366719300000000000e+18
1.366719360000000000e+18
1.366719420000000000e+18
1.366719480000000000e+18
1.366719540000000000e+18
1.366719600000000000e+18
1.366719660000000000e+18
1.366719720000000000e+18
1.366719780000000000e+18
1.366719840000000000e+18
1.366719900000000000e+18
1.366719960000000000e+18
1.366720020000000000e+18
1.366720080000000000e+18
1.366720140000000000e+18
1.366720200000000000e+18
1.366720260000000000e+18
1.366720320000000000e+18
1.366720380000000000e+18
1.366720440000000000e+18
1.366720500000000000e+18
1.366720560000000000e+18
1.366720620000000000e+18
1.366720680000000000e+18
1.366720740000000000e+18
1.366720800000000000e+18
1.366720860000000000e+18
1.366720920000000000e+18
1.366720980000000000e+18
1.366721040000000000e+18
1.366721100000000000e+18
1.366721160000000000e+18
1.366721220000000000e+18
1.366721280000000000e+18
1.366721340000000000e+18
1.366721400000000000e+18
1.366721460000000000e+18
1.366721520000000000e+18
1.366721580000000000e+18
1.366721640000000000e+18
1.366721700000000000e+18
1.366721760000000000e+18
1.366721820000000000e+18
1.366721880000000000e+18
1.366721940000000000e+18
1.366722000000000000e+18
1.366722060000000000e+18
1.366722120000000000e+18
1.366722180000000000e+18
1.366722240000000000e+18
1.366722300000000000e+18
1.366722360000000000e+18
1.366722420000000000e+18
1.366722480000000000e+18
1.366722540000000000e+18
1.366722600000000000e+18
1.366722660000000000e+18
1.366722720000000000e+18
1.366722780000000000e+18
1.366722840000000000e+18
1.366722900000000000e+18
1.366722960000000000e+18
1.366723020000000000e+18
1.366723080000000000e+18
1.366723140000000000e+18
1.366723200000000000e+18
1.366723260000000000e+18
1.366723320000000000e+18
1.366723380000000000e+18
1.366723440000000000e+18
1.366723500000000000e+18
1.366723560000000000e+18
1.366723620000000000e+18
1.366723680000000000e+18
1.366723740000000000e+18
1.366723800000000000e+18
1.366723860000000000e+18
1.366723920000000000e+18
1.366723980000000000e+18
1.366724040000000000e+18
1.366724100000000000e+18
1.366724160000000000e+18
1.366724220000000000e+18
1.366724280000000000e+18
1.366724340000000000e+18
1.366724400000000000e+18
1.366724460000000000e+18
1.366724520000000000e+18
1.366724580000000000e+18
1.366724640000000000e+18
1.366724700000000000e+18
1.366724760000000000e+18
1.366724820000000000e+18
1.366724880000000000e+18
1.366724940000000000e+18
1.366725000000000000e+18
1.366725060000000000e+18
1.366725120000000000e+18
1.366725180000000000e+18
1.366725240000000000e+18
1.366725300000000000e+18
1.366725360000000000e+18
1.366725420000000000e+18
1.366725480000000000e+18
1.366725540000000000e+18
1.366725600000000000e+18
1.366725660000000000e+18
1.366725720000000000e+18
1.366725780000000000e+18
1.366725840000000000e+18
1.366725900000000000e+18
1.366725960000000000e+18
1.366726020000000000e+18
1.366726080000000000e+18
1.366726140000000000e+18
1.366726200000000000e+18
1.366726260000000000e+18
1.366726320000000000e+18
1.366726380000000000e+18
1.366726440000000000e+18
1.366726500000000000e+18
1.366726560000000000e+18
1.366726620000000000e+18
1.366726680000000000e+18
1.366726740000000000e+18
1.366726800000000000e+18
1.366726860000000000e+18
1.366726920000000000e+18
1.366726980000000000e+18
1.366727040000000000e+18
1.366727100000000000e+18
1.366727160000000000e+18
1.366727220000000000e+18
1.366727280000000000e+18
1.366727340000000000e+18
1.366727400000000000e+18
1.366727460000000000e+18
1.366727520000000000e+18
1.366727580000000000e+18
1.366727640000000000e+18
1.366727700000000000e+18
1.366727760000000000e+18
1.366727820000000000e+18
1.366727880000000000e+18
1.366727940000000000e+18
1.366728000000000000e+18
1.366728060000000000e+18
1.366728120000000000e+18
1.366728180000000000e+18
1.366728240000000000e+18
1.366728300000000000e+18
1.366728360000000000e+18
1.366728420000000000e+18
1.366728480000000000e+18
1.366728540000000000e+18
1.366728600000000000e+18
1.366728660000000000e+18
1.366728720000000000e+18
1.366728780000000000e+18
1.366728840000000000e+18
1.366728900000000000e+18
1.366728960000000000e+18
1.366729020000000000e+18
1.366729080000000000e+18
1.366729140000000000e+18
1.366729200000000000e+18
1.366729260000000000e+18
1.366729320000000000e+18
1.366729380000000000e+18
1.366729440000000000e+18
1.366729500000000000e+18
1.366729560000000000e+18
1.366729620000000000e+18
1.366729680000000000e+18
1.366729740000000000e+18
1.366729800000000000e+18
1.366729860000000000e+18
1.366729920000000000e+18
1.366729980000000000e+18
1.366730040000000000e+18
1.366730100000000000e+18
1.366730160000000000e+18
1.366730220000000000e+18
1.366730280000000000e+18
1.366730340000000000e+18
1.366730400000000000e+18
1.366730460000000000e+18
1.366730520000000000e+18
1.366730580000000000e+18
1.366730640000000000e+18
1.366730700000000000e+18
1.366730760000000000e+18
1.366730820000000000e+18
1.366730880000000000e+18
1.366730940000000000e+18
1.366731000000000000e+18
1.366731060000000000e+18
1.366731120000000000e+18
1.366731180000000000e+18
1.366731240000000000e+18
1.366731300000000000e+18
1.366731360000000000e+18
1.366731420000000000e+18
1.366731480000000000e+18
1.366731540000000000e+18
1.366731600000000000e+18
1.366731660000000000e+18
1.366731720000000000e+18
1.366731780000000000e+18
1.366731840000000000e+18
1.366731900000000000e+18
1.366731960000000000e+18
1.366732020000000000e+18
1.366732080000000000e+18
1.366732140000000000e+18
1.366732200000000000e+18
1.366732260000000000e+18
1.366732320000000000e+18
1.366732380000000000e+18
1.366732440000000000e+18
1.366732500000000000e+18
1.366732560000000000e+18
1.366732620000000000e+18
1.366732680000000000e+18
1.366732740000000000e+18
1.366732800000000000e+18
1.366732860000000000e+18
1.366732920000000000e+18
1.366732980000000000e+18
1.366733040000000000e+18
1.366733100000000000e+18
1.366733160000000000e+18
1.366733220000000000e+18
1.366733280000000000e+18
1.366733340000000000e+18
1.366733400000000000e+18
1.366733460000000000e+18
1.366733520000000000e+18
1.366733580000000000e+18
