2.843393144976437803e+00
2.473156762295112721e+00
2.215063208221027757e+00
2.044635998677445166e+00
1.932969773912601719e+00
1.855077706620880340e+00
1.794277059089296689e+00
1.741629307803294280e+00
1.693020949282383780e+00
1.646735914476009199e+00
1.602180854955629785e+00
1.559979594463546615e+00
1.522231490027470491e+00
1.491997689697644347e+00
1.472167635754655146e+00
1.464484342336337397e+00
1.468781277872529101e+00
1.482883783809780365e+00
1.502998106841383796e+00
1.524669325558235755e+00
1.543822847262203979e+00
1.557842387867919953e+00
1.565883339205986102e+00
1.568128532497397698e+00
1.564700890013698942e+00
1.555268367721922340e+00
1.539287637681610699e+00
1.516954740338208651e+00
1.489860415474349331e+00
1.460696142404254827e+00
1.432364063143147792e+00
1.407304376764892950e+00
1.387003998632047264e+00
1.371978211537513204e+00
1.361953412575142464e+00
1.356330476102007632e+00
1.354545314088826391e+00
1.356401677079795309e+00
1.362082173695657650e+00
1.372030524314832967e+00
1.386534479966797129e+00
1.405327223203265419e+00
1.427151144543861605e+00
1.449670390339700798e+00
1.469637252604628630e+00
1.483561853264113273e+00
1.488582618487733322e+00
1.483569286856697422e+00
1.469637946440180309e+00
1.449635331354204082e+00
1.427036828004105473e+00
1.405079742179573987e+00
1.386099884082137246e+00
1.371372022530057411e+00
1.361201185943964775e+00
1.355355140985357254e+00
1.353447127009656858e+00
1.355321262427805706e+00
1.361122557531106336e+00
1.371228273411817078e+00
1.385863922687235572e+00
1.404721757827231299e+00
1.426528863772821731e+00
1.448955302682225721e+00
1.468771965290681880e+00
1.482511562944700545e+00
1.487333144298238485e+00
1.482123142982662456e+00
1.468014644880034858e+00
1.447882829297194363e+00
1.425251509357010171e+00
1.403420789668342827e+00
1.384775426023968414e+00
1.370570952684055710e+00
1.360951356264286538e+00
1.355305787659152772e+00
1.352600287601638085e+00
1.351770523694078019e+00
1.351893583637575391e+00
1.352341063131280219e+00
1.352729265085530264e+00
1.352918455337475789e+00
1.352885456664575825e+00
1.352706380520996232e+00
1.352450684637084510e+00
1.352202068628615139e+00
1.351991849763153564e+00
1.351851242304641376e+00
1.351764854468720634e+00
1.351732314237570121e+00
1.351723116663510860e+00
1.351734899135907719e+00
1.351743198196512674e+00
1.351754905719345867e+00
1.351754529240413394e+00
1.351755733873420962e+00
1.351747031651001185e+00
1.351743645342854627e+00
1.351733946084852533e+00
1.351732128327516325e+00
1.351725304596353983e+00
1.351726596867699470e+00
1.351722416895976719e+00
1.351725570552313460e+00
1.351722451312145967e+00
1.351726024340441645e+00
1.351722909111929605e+00
1.351726284231615116e+00
1.351722928386285716e+00
1.351726113184940514e+00
1.351722652829941307e+00
1.351725815722269575e+00
1.351722391819265345e+00
1.351725620747219692e+00
1.351722267810785638e+00
1.351725556612865198e+00
1.351722245844049208e+00
1.351725558268996430e+00
1.351722256657357901e+00
1.351725568879668549e+00
1.351722262580383527e+00
1.351725569251226222e+00
1.351722258645037922e+00
1.351725562900129907e+00
1.351722251736270364e+00
1.351725556761805835e+00
1.351722246991434950e+00
1.351725553628970733e+00
1.351722245429935798e+00
1.351725553654693934e+00
1.351722247010171518e+00
1.351725556864063593e+00
1.351722251835670185e+00
1.351725563245011585e+00
1.351722258911162600e+00
1.351725569752352918e+00
1.351722263067538288e+00
1.351725569312517417e+00
1.351722256893948648e+00
1.351725558285827633e+00
1.351722245619208618e+00
1.351725556476309764e+00
1.351722268267135929e+00
1.351725622521169567e+00
1.351722396479943855e+00
1.351725824026424272e+00
1.351722666086958569e+00
1.351726131448423907e+00
1.351722950360633169e+00
1.351726307040483022e+00
1.351722928565713522e+00
1.351726035435405482e+00
1.351722451159711680e+00
1.351725561316087232e+00
1.351722409961169102e+00
1.351726616665676728e+00
1.351725390340139388e+00
1.351732331211956684e+00
1.351734320182671700e+00
1.351744231668209562e+00
1.351747835402453912e+00
1.351756701833641161e+00
1.351755535064611990e+00
1.351755759287083913e+00
1.351743691026375815e+00
1.351734899363604248e+00
1.351722712746132871e+00
1.351731986299783861e+00
1.351765625807845206e+00
1.351854734155654159e+00
1.352000143710436975e+00
1.352217291547204159e+00
1.352474283299475610e+00
1.352738166485802473e+00
1.352922671879901895e+00
1.352955317120062562e+00
1.352757631313742603e+00
1.352352951370015877e+00
1.351886140934603464e+00
1.351753583370303158e+00
1.352605721542724071e+00
1.355396494359372594e+00
1.361226173163064601e+00
1.371160818692848782e+00
1.385826902706436936e+00
1.405066445806150588e+00
1.427571919845895154e+00
1.450869826663915507e+00
1.471546977564186731e+00
1.485964336964604948e+00
1.491157934130410645e+00
1.485964337026136839e+00
1.471546977569146097e+00
1.450869826718947264e+00
1.427571919849202953e+00
1.405066445815010612e+00
1.385826902796885252e+00
1.371160818670934090e+00
1.361226173124906902e+00
1.355396494518361195e+00
1.352605721545263151e+00
1.351753583399201375e+00
1.351886140995569807e+00
1.352352951513808632e+00
1.352757631401959593e+00
1.352955317184788120e+00
1.352922671950657518e+00
1.352738166608610237e+00
1.352474283389298426e+00
1.352217291591647941e+00
1.352000143741870053e+00
1.351854734193441487e+00
1.351765625712259222e+00
1.351731986235952476e+00
1.351722712765187184e+00
1.351734899447124993e+00
1.351743690967308620e+00
1.351755759298833848e+00
1.351755535016659904e+00
1.351756701736784416e+00
1.351747835361170491e+00
1.351744231594534051e+00
1.351734320135671519e+00
1.351732331144949617e+00
1.351725390360146273e+00
1.351726616704737927e+00
1.351722409907182065e+00
1.351725561268134035e+00
1.351722451089528487e+00
1.351726035424290373e+00
1.351722928382474986e+00
1.351726306990307158e+00
1.351722950357457487e+00
1.351726131376970397e+00
1.351722666069174572e+00
1.351725823942585780e+00
1.351722396417699867e+00
1.351725622596751331e+00
1.351722268198858101e+00
1.351725556452491928e+00
1.351722245571572723e+00
1.351725558318219722e+00
1.351722256785339304e+00
1.351725569145792782e+00
1.351722262855082901e+00
1.351725569457647325e+00
1.351722258565644985e+00
1.351725562829946714e+00
1.351722251513652662e+00
1.351725556583331267e+00
1.351722246814230033e+00
1.351725553732498808e+00
1.351722245330853722e+00
1.351725553241851951e+00
1.351722245444861636e+00
1.351725553460023210e+00
1.351722245686533652e+00
1.351725553549895764e+00
1.351722245718608217e+00
1.351725553426043058e+00
1.351722245569349612e+00
1.351725553267892899e+00
1.351722245421679069e+00
1.351725553152932413e+00
1.351722245352448448e+00
1.351725553164364824e+00
1.351722245321008931e+00
1.351725553169446092e+00
1.351722245345779561e+00
1.351725553210095132e+00
1.351722245321643978e+00
1.351725553200250340e+00
1.351722245273690781e+00
1.351725553160236348e+00
1.351722245279406875e+00
1.351725553139911939e+00
1.351722245268927258e+00
1.351725553135148417e+00
1.351722245268927258e+00
1.351725553170081140e+00
1.351722245296555824e+00
1.351725553184054185e+00
1.351722245315292392e+00
1.351725553160553872e+00
1.351722245292745095e+00
1.351725553202790975e+00
1.351722245292745095e+00
1.351725553164682347e+00
1.351722245304495029e+00
1.351725553174527139e+00
1.351722245307353187e+00
1.351725553167222982e+00
1.351722245292745095e+00
1.351725553206601926e+00
1.351722245296873570e+00
1.351725553171668981e+00
1.351722245281947510e+00
1.351725553231372334e+00
1.351722245299731506e+00
1.351725553197392182e+00
1.351722245291474556e+00
1.351725553158966253e+00
1.351722245291792079e+00
1.351725553150709302e+00
1.351722245294015190e+00
1.351725553194534246e+00
1.351722245312434456e+00
1.351725553194534246e+00
1.351722245337205086e+00
1.351725553237723698e+00
1.351722245310846393e+00
1.351725553203426022e+00
1.351722245353401020e+00
1.351725553207236974e+00
1.351722245316245408e+00
1.351725553172939298e+00
1.351722245328948135e+00
1.351725553251696743e+00
1.351722245328948135e+00
1.351725553187864914e+00
1.351722245353718543e+00
1.351725553207554498e+00
1.351722245363880859e+00
1.351725553266940105e+00
1.351722245417233070e+00
1.351725553308859684e+00
1.351722245515997622e+00
1.351725553534652180e+00
1.351722245728453009e+00
1.351725553702329607e+00
1.351722245923441923e+00
1.351725553803634794e+00
1.351722245969172231e+00
1.351725553854128403e+00
1.351722246090167001e+00
1.351725554333660151e+00
1.351722247360770623e+00
1.351725556843421439e+00
1.351722251511112027e+00
1.351725562859480867e+00
1.351722259343060006e+00
1.351725571876583265e+00
1.351722268187425469e+00
1.351725579017795553e+00
1.351722272369524358e+00
1.351725580022271611e+00
1.351722272614054310e+00
1.351725585931944806e+00
1.351722295731669465e+00
1.351725642906666858e+00
1.351722406171271595e+00
1.351725825299564976e+00
1.351722670780028279e+00
1.351726166201123291e+00
1.351723058976052272e+00
1.351726548288310292e+00
1.351723366634635992e+00
1.351726723619907977e+00
1.351723405991236415e+00
1.351726736585355582e+00
1.351723678024610908e+00
1.351727773189130177e+00
1.351726200241828657e+00
1.351732630330269025e+00
1.351734174850232284e+00
1.351744139434245984e+00
1.351748918437137625e+00
1.351760812766074071e+00
1.351765173586204183e+00
1.351773700805218192e+00
1.351772283607725278e+00
1.351775100338590274e+00
1.351773118278590147e+00
1.351788339085317148e+00
1.351821482665137131e+00
1.351904070403672220e+00
1.352042480604124686e+00
1.352265361903667751e+00
1.352563165613051899e+00
1.352933287623575120e+00
1.353322308416832875e+00
1.353681705207054220e+00
1.353930147186893640e+00
1.354037919607755214e+00
1.354021209846612228e+00
1.354051113612414481e+00
1.354448612673563535e+00
1.355750815795659259e+00
1.358603114658464284e+00
1.363660812123950183e+00
1.371283562541206758e+00
1.381279262523997353e+00
1.392593362341305818e+00
1.403329344033223958e+00
1.411098522334234495e+00
1.414157639500344343e+00
1.413385669602279293e+00
1.415548110116631175e+00
1.437311081467848251e+00
1.507914657245593926e+00
1.664984590964859068e+00
1.941350648635373100e+00
2.352828615175762916e+00
2.898455799381761011e+00
3.568162745929974289e+00
4.349337987915765424e+00
5.229731825414718926e+00
6.198122975306704419e+00
7.244259197567643582e+00
8.358674675645200836e+00
9.532543114381681448e+00
1.075758444125437840e+01
1.202601113623140705e+01
1.333049871253656349e+01
1.466416930509199013e+01
1.602058149924288699e+01
1.739372243181533761e+01
1.877800001363978666e+01
2.016823420715168069e+01
2.155964691970471137e+01
2.294785042470933689e+01
2.432883440931789920e+01
2.569895184016529655e+01
2.705490387411619579e+01
2.839372404743055966e+01
2.971276196474241260e+01
3.100966669005959631e+01
3.228237001817872454e+01
3.352906978161495033e+01
3.474821332440112798e+01
3.593848125303490093e+01
3.709877155534664439e+01
3.822818416043542555e+01
3.932600599803989638e+01
4.039169660186131949e+01
4.142487429020706458e+01
4.242530294722521944e+01
4.339287941960282780e+01
4.432762153634539004e+01
4.522965675328788393e+01
4.609921141884642992e+01
4.693660065327591724e+01
4.774221883038820380e+01
4.851653064762622591e+01
4.926006276842878862e+01
4.997339601875434312e+01
5.065715811854242645e+01
5.131201692770653011e+01
5.193867418564771299e+01
5.253785972285849937e+01
5.311032612289331922e+01
5.365684381306336093e+01
5.417819656221336544e+01
5.467517736433177333e+01
5.514858468697018168e+01
5.559921906401338276e+01
5.602788001276169183e+01
5.643536325593175462e+01
5.682245822977922245e+01
5.718994586013327108e+01
5.753859658892479700e+01
5.786916863435288860e+01
5.818240646860556353e+01
5.847903949771539800e+01
5.875978092884741955e+01
5.902532681097593326e+01
5.927635523562314290e+01
5.951352568497418360e+01
5.973747851535843267e+01
5.994883456471274030e+01
6.014819487327967806e+01
6.033614050739200962e+01
6.051323247677579076e+01
6.068001173639494539e+01
6.083699926437748928e+01
6.098469620812311121e+01
6.112358409117364033e+01
6.125412507393656369e+01
6.137676226180651184e+01
6.149192005468418643e+01
6.160000453232226647e+01
6.170140387032995477e+01
6.179648878206683094e+01
6.188561298202132122e+01
6.196911366662651233e+01
6.204731200879674446e+01
6.212051366279184350e+01
6.218900927630809861e+01
6.225307500698895780e+01
6.231297304080271715e+01
6.236895210999995953e+01
6.242124800858874067e+01
6.247008410349230445e+01
6.251567183976106890e+01
6.255821123840155451e+01
6.259789138556785559e+01
6.263489091202714576e+01
6.266937846196463369e+01
6.270151315034090800e+01
6.273144500814080260e+01
6.275931541498081856e+01
6.278525751864773952e+01
6.280939664124745292e+01
6.283185067173224780e+01
6.285273044466074310e+01
6.287214010511886642e+01
6.289017745979997898e+01
6.290693431430170790e+01
6.292249679675135354e+01
6.293694566792029832e+01
6.295035661802899085e+01
6.296280055048060120e+01
6.297434385279291291e+01
6.298504865502482630e+01
6.299497307601603069e+01
6.300417145777685590e+01
6.301269458838017101e+01
6.302058991371867336e+01
6.302790173849962940e+01
6.303467141685460007e+01
6.304093753294532121e+01
6.304673607194818885e+01
6.305210058179876853e+01
6.305706232607548856e+01
6.306165042839785428e+01
6.306589200870880063e+01
6.306981231180483150e+01
6.307343482846981431e+01
6.307678140956025459e+01
6.307987237338093678e+01
6.308272660667992682e+01
6.308536165958279440e+01
6.308779383477443048e+01
6.309003827122741370e+01
6.309210902276433330e+01
6.309401913173093845e+01
6.309578069804616263e+01
6.309740494388386622e+01
6.309890227423103681e+01
6.310028233355562577e+01
6.310155405880765045e+01
6.310272572896609233e+01
6.310380501133472819e+01
6.310479900477968584e+01
6.310571428009232164e+01
6.310655691765158792e+01
6.310733254255114133e+01
6.310804635734780987e+01
6.310870317257962370e+01
6.310930743519368491e+01
6.310986325501621508e+01
6.311037442939017694e+01
6.311084446609828547e+01
6.311127660468255840e+01
6.311167383626564487e+01
6.311203892197207921e+01
6.311237441004254123e+01
6.311268265172824954e+01
6.311296581604740652e+01
6.311322590348056139e+01
6.311346475867701145e+01
6.311368408223992077e+01
6.311388544165346559e+01
6.311407028141123732e+01
6.311423993240166652e+01
6.311439562060215280e+01
6.311453847513050164e+01
6.311466953569920690e+01
6.311478975951463610e+01
6.311490002766095131e+01
6.311500115100545827e+01
6.311509387565988760e+01
6.311517888802966070e+01
6.311525681948099731e+01
6.311532825065366836e+01
6.311539371544539279e+01
6.311545370469193017e+01
6.311550866956519457e+01
6.311555902471040724e+01
6.311560515114157965e+01
6.311564739891335307e+01
6.311568608958578608e+01
6.311572151849788526e+01
6.311575395686397627e+01
6.311578365370657906e+01
6.311581083763783795e+01
6.311583571850142249e+01
6.311585848888514505e+01
6.311587932551440616e+01
6.311589839053562656e+01
6.311591583269790817e+01
6.311593178844099583e+01
6.311594638289671622e+01
6.311595973081057309e+01
6.311597193738966638e+01
6.311598309908281834e+01
6.311599330429810095e+01
6.311600263406259614e+01
6.311601116262922773e+01
6.311601895803436690e+01
6.311602608261057412e+01
6.311603259345765338e+01
6.311603854287553617e+01
6.311604397876204331e+01
6.311604894497804707e+01
6.311605348168305341e+01
6.311605762564321509e+01
6.311606141051419172e+01
6.311606486710073938e+01
6.311606802359504798e+01
6.311607090579539658e+01
6.311607353730685332e+01
6.311607593972531305e+01
6.311607813280640755e+01
6.311608013462036837e+01
6.311608196169404295e+01
6.311608362914115133e+01
6.311608515078168580e+01
6.311608653925132018e+01
6.311608780610173852e+01
6.311608896189257933e+01
6.311609001627564197e+01
6.311609097807209423e+01
6.311609185534313582e+01
6.311609265545483538e+01
6.311609338513726186e+01
6.311609405053903288e+01
6.311609465727684665e+01
6.311609521048111304e+01
6.311609571483759851e+01
6.311609617462554667e+01
6.311609659375265124e+01
6.311609697578694522e+01
6.311609732398605388e+01
6.311609764132396094e+01
6.311609793051544415e+01
6.311609819403844313e+01
6.311609843415455146e+01
6.311609865292772525e+01
6.311609885224140726e+01
6.311609903381413744e+01
6.311609919921390599e+01
6.311609934987118464e+01
6.311609948709088513e+01
6.311609961206337971e+01
6.311609972587431372e+01
6.311609982951382847e+01
6.311609992388493140e+01
6.311610000981099944e+01
6.311610008804280625e+01
6.311610015926488160e+01
6.311610022410128806e+01
6.311610028312090037e+01
6.311610033684230103e+01
6.311610038573812176e+01
6.311610043023916461e+01
6.311610047073799024e+01
6.311610050759237112e+01
6.311610054112828294e+01
6.311610057164273968e+01
6.311610059940637285e+01
6.311610062466569815e+01
6.311610064764529682e+01
6.311610066854972700e+01
6.311610068756532854e+01
6.311610070486178614e+01
6.311610072059367127e+01
6.311610073490170691e+01
6.311610074791406078e+01
6.311610075974741108e+01
6.311610077050801237e+01
6.311610078029259085e+01
6.311610078918921118e+01
6.311610079727800837e+01
6.311610080463196226e+01
6.311610081131749439e+01
6.311610081739503642e+01
6.311610082291959145e+01
6.311610082794123855e+01
6.311610083250550218e+01
6.311610083665385673e+01
6.311610084042399649e+01
6.311610084385024066e+01
6.311610084696381762e+01
6.311610084979310642e+01
6.311610085236394241e+01
6.311610085469983744e+01
6.311610085682214333e+01
6.311610085875030762e+01
6.311610086050199442e+01
6.311610086209330461e+01
6.311610086353883275e+01
6.311610086485188731e+01
6.311610086604454750e+01
6.311610086712781253e+01
6.311610086811166553e+01
6.311610086900518013e+01
6.311610086981662704e+01
6.311610087055350249e+01
6.311610087122264900e+01
6.311610087183024831e+01
6.311610087238194211e+01
6.311610087288283921e+01
6.311610087333762209e+01
6.311610087375050426e+01
6.311610087412533687e+01
6.311610087446560158e+01
6.311610087477448872e+01
6.311610087505485467e+01
6.311610087530934265e+01
6.311610087554033299e+01
6.311610087574997863e+01
6.311610087594025487e+01
6.311610087611293096e+01
6.311610087626964116e+01
6.311610087641184208e+01
6.311610087654087664e+01
6.311610087665797408e+01
6.311610087676420733e+01
6.311610087686060666e+01
6.311610087694806737e+01
6.311610087702742078e+01
6.311610087709939876e+01
6.311610087716471185e+01
6.311610087722393558e+01
6.311610087727768814e+01
6.311610087732642427e+01
6.311610087737064134e+01
6.311610087741073727e+01
6.311610087744710995e+01
6.311610087748009335e+01
6.311610087751001430e+01
6.311610087753714993e+01
6.311610087756174892e+01
6.311610087758405996e+01
6.311610087760430332e+01
6.311610087762263532e+01
6.311610087763926913e+01
6.311610087765436816e+01
6.311610087766803900e+01
6.311610087768043087e+01
6.311610087769167166e+01
6.311610087770186084e+01
6.311610087771109789e+01
6.311610087771947519e+01
6.311610087772705668e+01
6.311610087773394184e+01
6.311610087774017330e+01
6.311610087774582922e+01
6.311610087775095224e+01
6.311610087775559919e+01
6.311610087775980560e+01
6.311610087776362832e+01
6.311610087776707445e+01
6.311610087777021505e+01
6.311610087777305722e+01
6.311610087777562228e+01
6.311610087777795997e+01
6.311610087778006317e+01
6.311610087778197453e+01
6.311610087778371536e+01
6.311610087778528566e+01
6.311610087778670675e+01
6.311610087778799283e+01
6.311610087778916522e+01
6.311610087779022393e+01
6.311610087779118317e+01
6.311610087779205003e+01
6.311610087779283162e+01
6.311610087779354927e+01
6.311610087779419587e+01
6.311610087779477141e+01
6.311610087779530431e+01
6.311610087779578748e+01
6.311610087779622091e+01
6.311610087779662592e+01
6.311610087779697409e+01
6.311610087779729383e+01
6.311610087779757805e+01
6.311610087779784806e+01
6.311610087779808254e+01
6.311610087779830280e+01
6.311610087779849465e+01
6.311610087779867229e+01
6.311610087779884282e+01
6.311610087779898492e+01
6.311610087779911993e+01
6.311610087779923361e+01
6.311610087779934020e+01
6.311610087779944678e+01
6.311610087779953915e+01
6.311610087779961731e+01
6.311610087779968126e+01
6.311610087779975231e+01
6.311610087779980915e+01
6.311610087779987310e+01
6.311610087779991574e+01
6.311610087779995837e+01
6.311610087779999390e+01
6.311610087780003653e+01
6.311610087780006495e+01
6.311610087780010048e+01
6.311610087780012179e+01
6.311610087780014311e+01
6.311610087780017153e+01
6.311610087780019285e+01
6.311610087780021416e+01
6.311610087780022127e+01
6.311610087780022837e+01
6.311610087780024969e+01
6.311610087780025680e+01
6.311610087780027811e+01
6.311610087780027811e+01
6.311610087780029943e+01
6.311610087780029943e+01
6.311610087780030653e+01
6.311610087780032075e+01
6.311610087780032785e+01
6.311610087780032785e+01
6.311610087780032785e+01
6.311610087780033496e+01
6.311610087780033496e+01
6.311610087780034917e+01
6.311610087780034917e+01
6.311610087780034917e+01
6.311610087780034917e+01
6.311610087780035627e+01
6.311610087780035627e+01
6.311610087780035627e+01
6.311610087780036338e+01
6.311610087780036338e+01
6.311610087780036338e+01
6.311610087780036338e+01
6.311610087780036338e+01
6.311610087780036338e+01
6.311610087780036338e+01
6.311610087780036338e+01
6.311610087780036338e+01
6.311610087780036338e+01
6.311610087780036338e+01
6.311610087780036338e+01
6.311610087780036338e+01
6.311610087780036338e+01
6.311610087780036338e+01
6.311610087780036338e+01
6.311610087780037759e+01
6.311610087780037759e+01
6.311610087780037759e+01
6.311610087780037759e+01
6.311610087780037759e+01
6.311610087780037759e+01
6.311610087780037759e+01
6.311610087780037759e+01
6.311610087780037759e+01
6.311610087780037759e+01
6.311610087780037759e+01
6.311610087780037759e+01
6.311610087780037759e+01
6.311610087780037759e+01
6.311610087780037759e+01
6.311610087780037759e+01
6.311610087780037759e+01
6.311610087780037759e+01
6.311610087780037759e+01
6.311610087780037759e+01
6.311610087780037759e+01
6.311610087780037759e+01
6.311610087780037759e+01
6.311610087780037759e+01
6.311610087780037759e+01
6.311610087780037759e+01
6.311610087780037759e+01
6.311610087780037759e+01
6.311610087780037759e+01
6.311610087780037759e+01
6.311610087780037759e+01
6.311610087780037759e+01
6.311610087780037759e+01
6.311610087780037759e+01
6.311610087780037759e+01
6.311610087780037759e+01
6.311610087780037759e+01
6.311610087780037759e+01
6.311610087780037759e+01
6.311610087780037759e+01
6.311610087780037759e+01
6.311610087780037759e+01
6.311610087780037759e+01
6.311610087780037759e+01
6.311610087780037759e+01
6.311610087780037759e+01
6.311610087780037759e+01
6.311610087780037759e+01
6.311610087780037759e+01
6.311610087780037759e+01
6.311610087780037759e+01
6.311610087780037759e+01
6.311610087780037759e+01
6.311610087780037759e+01
6.311610087780037759e+01
6.311610087780037759e+01
6.311610087780037759e+01
6.311610087780037759e+01
6.311610087780037759e+01
6.311610087780037759e+01
6.311610087780037759e+01
6.311610087780037759e+01
6.311610087780037759e+01
6.311610087780037759e+01
6.311610087780037759e+01
6.311610087780037759e+01
6.311610087780037759e+01
6.311610087780037759e+01
6.311610087780037759e+01
6.311610087780037759e+01
6.311610087780037759e+01
6.311610087780037759e+01
6.311610087780037759e+01
6.311610087780037759e+01
6.311610087780037759e+01
6.311610087780037759e+01
6.311610087780037759e+01
6.311610087780037759e+01
6.311610087780037759e+01
6.311610087780037759e+01
6.311610087780037759e+01
6.311610087780037759e+01
6.311610087780037759e+01
6.311610087780037759e+01
6.311610087780037759e+01
6.311610087780037759e+01
6.311610087780037759e+01
6.311610087780037759e+01
6.311610087780037759e+01
6.311610087780037759e+01
6.311610087780037759e+01
6.311610087780037759e+01
6.311610087780037759e+01
6.311610087780037759e+01
6.311610087780037759e+01
6.311610087780037759e+01
6.311610087780037759e+01
6.311610087780037759e+01
6.311610087780037759e+01
6.311610087780037759e+01
6.311610087780037759e+01
6.311610087780037759e+01
6.311610087780037759e+01
6.311610087780037759e+01
6.311610087780037759e+01
6.311610087780037759e+01
6.311610087780037759e+01
6.311610087780037759e+01
6.311610087780037759e+01
6.311610087780037759e+01
6.311610087780037759e+01
6.311610087780037759e+01
6.311610087780037759e+01
6.311610087780037759e+01
6.311610087780037759e+01
6.311610087780037759e+01
6.311610087780037759e+01
6.311610087780037759e+01
6.311610087780037759e+01
6.311610087780037759e+01
6.311610087780037759e+01
6.311610087780037759e+01
6.311610087780037759e+01
6.311610087780037759e+01
6.311610087780037759e+01
6.311610087780037759e+01
6.311610087780037759e+01
6.311610087780037759e+01
6.311610087780037759e+01
6.311610087780037759e+01
6.311610087780037759e+01
6.311610087780037759e+01
6.311610087780037759e+01
6.311610087780037759e+01
6.311610087780037759e+01
6.311610087780037759e+01
6.311610087780037759e+01
6.311610087780037759e+01
6.311610087780037759e+01
6.311610087780037759e+01
6.311610087780037759e+01
6.311610087780037759e+01
6.311610087780037759e+01
6.311610087780037759e+01
6.311610087780037759e+01
6.311610087780037759e+01
6.311610087780037759e+01
6.311610087780037759e+01
6.311610087780037759e+01
6.311610087780037759e+01
6.311610087780037759e+01
6.311610087780037759e+01
6.311610087780037759e+01
6.311610087780037759e+01
6.311610087780037759e+01
6.311610087780036338e+01
6.311610087780036338e+01
6.311610087780036338e+01
6.311610087780036338e+01
6.311610087780036338e+01
6.311610087780036338e+01
6.311610087780036338e+01
6.311610087780036338e+01
6.311610087780036338e+01
6.311610087780036338e+01
6.311610087780036338e+01
6.311610087780036338e+01
6.311610087780036338e+01
6.311610087780036338e+01
6.311610087780036338e+01
6.311610087780036338e+01
6.311610087780035627e+01
6.311610087780035627e+01
6.311610087780035627e+01
6.311610087780034917e+01
6.311610087780034917e+01
6.311610087780034917e+01
6.311610087780034917e+01
6.311610087780033496e+01
6.311610087780033496e+01
6.311610087780032785e+01
6.311610087780032785e+01
6.311610087780032785e+01
6.311610087780032075e+01
6.311610087780030653e+01
6.311610087780029943e+01
6.311610087780029943e+01
6.311610087780027811e+01
6.311610087780027811e+01
6.311610087780025680e+01
6.311610087780024969e+01
6.311610087780024259e+01
6.311610087780022127e+01
6.311610087780021416e+01
6.311610087780019285e+01
6.311610087780017153e+01
6.311610087780014311e+01
6.311610087780012179e+01
6.311610087780010048e+01
6.311610087780006495e+01
6.311610087780003653e+01
6.311610087779999390e+01
6.311610087779995837e+01
6.311610087779991574e+01
6.311610087779987310e+01
6.311610087779980915e+01
6.311610087779975231e+01
6.311610087779969547e+01
6.311610087779961731e+01
6.311610087779953915e+01
6.311610087779944678e+01
6.311610087779935441e+01
6.311610087779924783e+01
6.311610087779912703e+01
6.311610087779899203e+01
6.311610087779885703e+01
6.311610087779867939e+01
6.311610087779850176e+01
6.311610087779830991e+01
6.311610087779809675e+01
6.311610087779786227e+01
6.311610087779759937e+01
6.311610087779730804e+01
6.311610087779698119e+01
6.311610087779663303e+01
6.311610087779623512e+01
6.311610087779579459e+01
6.311610087779532563e+01
6.311610087779479983e+01
6.311610087779421718e+01
6.311610087779357769e+01
6.311610087779286005e+01
6.311610087779207845e+01
6.311610087779121869e+01
6.311610087779025235e+01
6.311610087778920075e+01
6.311610087778804257e+01
6.311610087778676359e+01
6.311610087778534250e+01
6.311610087778377931e+01
6.311610087778204559e+01
6.311610087778014133e+01
6.311610087777804523e+01
6.311610087777571465e+01
6.311610087777316380e+01
6.311610087777033584e+01
6.311610087776720235e+01
6.311610087776377043e+01
6.311610087775996192e+01
6.311610087775577682e+01
6.311610087775115119e+01
6.311610087774604239e+01
6.311610087774041489e+01
6.311610087773420474e+01
6.311610087772735511e+01
6.311610087771979494e+01
6.311610087771146027e+01
6.311610087770224453e+01
6.311610087769210509e+01
6.311610087768090693e+01
6.311610087766855059e+01
6.311610087765492949e+01
6.311610087763991572e+01
6.311610087762334587e+01
6.311610087760507781e+01
6.311610087758491971e+01
6.311610087756269394e+01
6.311610087753819442e+01
6.311610087751117248e+01
6.311610087748136522e+01
6.311610087744850972e+01
6.311610087741228625e+01
6.311610087737233954e+01
6.311610087732830010e+01
6.311610087727976293e+01
6.311610087722623064e+01
6.311610087716722717e+01
6.311610087710217698e+01
6.311610087703047611e+01
6.311610087695145666e+01
6.311610087686434412e+01
6.311610087676834269e+01
6.311610087666252866e+01
6.311610087654589307e+01
6.311610087641737721e+01
6.311610087627574472e+01
6.311610087611966691e+01
6.311610087594767293e+01
6.311610087575818540e+01
6.311610087554936399e+01
6.311610087531931157e+01
6.311610087506584676e+01
6.311610087478659636e+01
6.311610087447895268e+01
6.311610087414005932e+01
6.311610087376674016e+01
6.311610087335552777e+01
6.311610087290258519e+01
6.311610087240370603e+01
6.311610087185423623e+01
6.311610087124908830e+01
6.311610087058267027e+01
6.311610086984876489e+01
6.311610086904060068e+01
6.311610086815070986e+01
6.311610086717084300e+01
6.311610086609199044e+01
6.311610086490416194e+01
6.311610086359644356e+01
6.311610086215677740e+01
6.311610086057195446e+01
6.311610085882738019e+01
6.311610085690707450e+01
6.311610085479342303e+01
6.311610085246705637e+01
6.311610084990670799e+01
6.311610084708897261e+01
6.311610084398811438e+01
6.311610084057587500e+01
6.311610083682115402e+01
6.311610083268978144e+01
6.311610082814420508e+01
6.311610082314315662e+01
6.311610081764126079e+01
6.311610081158865881e+01
6.311610080493057495e+01
6.311610079760684044e+01
6.311610078955130376e+01
6.311610078069129770e+01
6.311610077094702120e+01
6.311610076023074356e+01
6.311610074844619334e+01
6.311610073548753519e+01
6.311610072123858117e+01
6.311610070557169649e+01
6.311610068834676213e+01
6.311610066940983899e+01
6.311610064859197422e+01
6.311610062570758828e+01
6.311610060055301830e+01
6.311610057290459963e+01
6.311610054251683977e+01
6.311610050912030090e+01
6.311610047241918409e+01
6.311610043208889209e+01
6.311610038777320142e+01
6.311610033908116435e+01
6.311610028558384755e+01
6.311610022681058751e+01
6.311610016224501152e+01
6.311610009132068200e+01
6.311610001341616538e+01
6.311609992784986645e+01
6.311609983387418055e+01
6.311609973066924795e+01
6.311609961733593366e+01
6.311609949288831700e+01
6.311609935624534273e+01
6.311609920622181136e+01
6.311609904151834627e+01
6.311609886071060771e+01
6.311609866223735565e+01
6.311609844438739003e+01
6.311609820528538251e+01
6.311609794287626585e+01
6.311609765490816670e+01
6.311609733891379648e+01
6.311609699219012271e+01
6.311609661177599406e+01
6.311609619442785402e+01
6.311609573659308836e+01
6.311609523438095692e+01
6.311609468353071151e+01
6.311609407937694272e+01
6.311609341681150198e+01
6.311609269024210533e+01
6.311609189354692262e+01
6.311609102002511662e+01
6.311609006234279917e+01
6.311608901247390691e+01
6.311608786163584028e+01
6.311608660021895645e+01
6.311608521770988034e+01
6.311608370260750434e+01
6.311608204233159114e+01
6.311608022312286437e+01
6.311607822993398997e+01
6.311607604631087298e+01
6.311607365426286265e+01
6.311607103412146813e+01
6.311606816438608547e+01
6.311606502155599685e+01
6.311606157994704347e+01
6.311605781149190619e+01
6.311605368552240947e+01
6.311604916853228531e+01
6.311604422391878444e+01
6.311603881170104557e+01
6.311603288821353175e+01
6.311602640577204681e+01
6.311601931231012230e+01
6.311601155098313853e+01
6.311600305973748704e+01
6.311599377084156259e+01
6.311598361037551541e+01
6.311597249767605433e+01
6.311596034473264893e+01
6.311594705553056883e+01
6.311593252533690901e+01
6.311591663992390266e+01
6.311589927472505934e+01
6.311588029391781873e+01
6.311585954942672316e+01
6.311583687984070679e+01
6.311581210923674234e+01
6.311578504590253402e+01
6.311575548094965171e+01
6.311572318680790517e+01
6.311568791559124492e+01
6.311564939732469526e+01
6.311560733802060241e+01
6.311556141759217553e+01
6.311551128759072071e+01
6.311545656875253485e+01
6.311539684833974206e+01
6.311533167725859528e+01
6.311526056693729458e+01
6.311518298594405252e+01
6.311509835632455889e+01
6.311500604963679706e+01
6.311490538265881156e+01
6.311479561274413896e+01
6.311467593279676436e+01
6.311454546583622971e+01
6.311440325912077043e+01
6.311424827779428171e+01
6.311407939802057854e+01
6.311389539956527273e+01
6.311369495778352956e+01
6.311347663496826499e+01
6.311323887101058716e+01
6.311297997332086851e+01
6.311269810595511842e+01
6.311239127788780223e+01
6.311205733036781851e+01
6.311169392329067307e+01
6.311129852051485756e+01
6.311086837404609895e+01
6.311040050700782444e+01
6.310989169531142551e+01
6.310933844793362368e+01
6.310873698570301116e+01
6.310808321849169289e+01
6.310737272070092274e+01
6.310660070492384932e+01
6.310576199366045813e+01
6.310485098895333067e+01
6.310386163980437857e+01
6.310278740722549884e+01
6.310162122676705110e+01
6.310035546836005693e+01
6.309898189329881291e+01
6.309749160818125802e+01
6.309587501561551903e+01
6.309412176149056251e+01
6.309222067859941063e+01
6.309015972639303982e+01
6.308792592663242971e+01
6.308550529469605550e+01
6.308288276628896796e+01
6.308004211928908944e+01
6.307696589045567492e+01
6.307363528671361763e+01
6.307003009071718935e+01
6.306612856038586301e+01
6.306190732209480387e+01
6.305734125719288130e+01
6.305240338151105561e+01
6.304706471751600816e+01
6.304129415875461717e+01
6.303505832622880689e+01
6.302832141633246010e+01
6.302104503997835394e+01
6.301318805253792021e+01
6.300470637421511100e+01
6.299555280047447070e+01
6.298567680214495823e+01
6.297502431482454455e+01
6.296353751721620995e+01
6.295115459803509594e+01
6.293780951113704702e+01
6.292343171853519124e+01
6.290794592098761484e+01
6.289127177586368589e+01
6.287332360202131554e+01
6.285401007146013797e+01
6.283323388755138694e+01
6.281089144968649407e+01
6.278687250423572408e+01
6.276105978175993272e+01
6.273332862048125236e+01
6.270354657608476856e+01
6.267157301799993974e+01
6.263725871239363130e+01
6.260044539219842363e+01
6.256096531460286769e+01
6.251864080653900402e+01
6.247328379882621618e+01
6.242469534975965217e+01
6.237266515907668207e+01
6.231697107338801089e+01
6.225737858432665206e+01
6.219364032084990157e+01
6.212549553731739849e+01
6.205266959918082392e+01
6.197487346833509037e+01
6.189180319042205980e+01
6.180313938662424533e+01
6.170854675275260348e+01
6.160767356871863853e+01
6.150015122177372717e+01
6.138559374722087369e+01
6.126359739063299514e+01
6.113374019596508901e+01
6.099558162431777930e+01
6.084866220849512786e+01
6.069250324891140735e+01
6.052660655682040414e+01
6.035045425129653296e+01
6.016350861685152296e+01
5.996521202906448167e+01
5.975498695609997668e+01
5.953223604452246320e+01
5.929634229834843495e+01
5.904666936085154560e+01
5.878256190920952662e+01
5.850334617268539006e+01
5.820833058565511919e+01
5.789680658742229014e+01
5.756804958140924811e+01
5.722132006697810880e+01
5.685586495780562188e+01
5.647091910140337490e+01
5.606570701508539400e+01
5.563944485431753861e+01
5.519134263014292685e+01
5.472060669293554014e+01
5.422644250050602466e+01
5.370805768909595912e+01
5.316466546647472313e+01
5.259548834683953800e+01
5.199976224774630396e+01
5.137674096965503168e+01
5.072570107907713322e+01
5.004594721640670940e+01
4.933681784971118134e+01
4.859769149555594936e+01
4.782799342774127638e+01
4.702720289422401834e+01
4.619486086182779161e+01
4.533057830706864877e+01
4.443404507014434301e+01
4.350503928700549494e+01
4.254343741214307784e+01
4.154922484163244434e+01
4.052250714223045946e+01
3.946352188784589288e+01
3.837265109923090733e+01
3.725043427616982683e+01
3.609758200380991155e+01
3.491499010541075165e+01
3.370375430326954103e+01
3.246518533656159633e+01
3.120082447060417152e+01
2.991245931435535255e+01
2.860213984386121666e+01
2.727219450622658670e+01
2.592524625348647049e+01
2.456422832658859789e+01
2.319239957830784959e+01
2.181335908938875789e+01
2.043105979719931398e+01
1.904982082247854791e+01
1.767433815164766031e+01
1.630969331926578647e+01
1.496135975016785480e+01
1.363520648818521686e+01
1.233749919812757412e+01
1.107489864457640749e+01
9.854457426360767158e+00
8.683616726735101210e+00
7.570206393000662892e+00
6.522453826245410369e+00
5.549009246293095110e+00
4.658993437883839128e+00
3.862057715132086511e+00
3.168400403560832412e+00
2.588471621467346662e+00
2.131557032580309485e+00
1.801862233146387604e+00
1.591978537667972926e+00
1.479071885479485982e+00
1.430303390727573731e+00
1.414761902685391037e+00
1.411189534744754059e+00
1.408532614660704452e+00
1.402868894268631372e+00
1.394232978659442734e+00
1.384215669936651905e+00
1.374604194042467364e+00
1.366637721843153352e+00
1.360872828158884218e+00
1.357239364022327477e+00
1.355328657706214912e+00
1.354575240909853928e+00
1.354477149738873454e+00
1.354625239280833560e+00
1.354769885205660662e+00
1.354743404858213429e+00
1.354481597671250981e+00
1.353956201373277546e+00
1.353243342803905236e+00
1.352515826397800547e+00
1.352157715039493446e+00
1.352762122774886056e+00
1.355186364063022841e+00
1.360411887853108404e+00
1.369392931642523736e+00
1.382689509202176703e+00
1.400160773538073444e+00
1.420623977721120257e+00
1.441834877801325465e+00
1.460679916207465734e+00
1.473829536316069388e+00
1.478563221894144020e+00
1.473813955235118156e+00
1.460650496560967904e+00
1.441794926329392323e+00
1.420577772382834558e+00
1.400112177358991072e+00
1.382639468070141930e+00
1.369335821345144755e+00
1.360331180377560178e+00
1.355050652107747444e+00
1.352523064294976596e+00
1.351751743630245306e+00
1.351871349094866614e+00
1.352294201345034308e+00
1.352660174621761913e+00
1.352839360131854907e+00
1.352809381226079966e+00
1.352642548395847300e+00
1.352403245381243124e+00
1.352170833587857501e+00
1.351973891563446273e+00
1.351842540345200794e+00
1.351761544891108446e+00
1.351731398980841714e+00
1.351722688042890974e+00
1.351734032463862256e+00
1.351741676387495428e+00
1.351752912762684833e+00
1.351752393766337157e+00
1.351753760460874476e+00
1.351745417891563994e+00
1.351742466641735696e+00
1.351733179147892150e+00
1.351731690789551132e+00
1.351725093373037367e+00
1.351726516547459234e+00
1.351722394799038218e+00
1.351725560911819723e+00
1.351722432004120344e+00
1.351725990138723743e+00
1.351722864036807747e+00
1.351726235953589317e+00
1.351722883751318438e+00
1.351726076714817815e+00
1.351722626308919484e+00
1.351725798477548368e+00
1.351722382096180342e+00
1.351725616039551880e+00
1.351722266100345848e+00
1.351725556205421785e+00
1.351722245618255602e+00
1.351725557817410994e+00
1.351722255710677167e+00
1.351725567744670897e+00
1.351722261205299036e+00
1.351725567918381943e+00
1.351722257349028622e+00
1.351725561860085856e+00
1.351722250862948727e+00
1.351725556307679765e+00
1.351722246750398204e+00
1.351725553665809043e+00
1.351722245387698917e+00
1.351725553197392182e+00
1.351722245450895477e+00
1.351725553452083783e+00
1.351722245624289664e+00
1.351725553538780655e+00
1.351722245657634769e+00
1.351725553498766885e+00
1.351722245457564586e+00
1.351725553297744575e+00
1.351722245363880859e+00
1.351725553175162187e+00
1.351722245250190468e+00
1.351725553125938672e+00
1.351722245246379517e+00
1.351725553196439389e+00
1.351722245330535976e+00
1.351725553188182660e+00
1.351722245300049030e+00
1.351725553175479932e+00
1.351722245341651085e+00
1.351725553195169294e+00
1.351722245313069504e+00
1.351725553167540506e+00
1.351722245285440716e+00
1.351725553158013460e+00
1.351722245298461189e+00
1.351725553149438985e+00
1.351722245293380142e+00
1.351725553186277295e+00
1.351722245302589664e+00
1.351725553171033933e+00
1.351722245281312240e+00
1.351725553220257448e+00
1.351722245283852875e+00
1.351725553250108902e+00
1.351722245314657345e+00
1.351725553210095132e+00
1.351722245528700572e+00
1.351725553487969522e+00
1.351722245616350238e+00
1.351725553432394422e+00
1.351722245686851176e+00
1.351725553513374978e+00
1.351722245435017067e+00
1.351725553284406578e+00
1.351722245468044425e+00
1.351725553712174399e+00
1.351722246586213538e+00
1.351725555910081145e+00
1.351722250051871299e+00
1.351725560466585652e+00
1.351722255462018962e+00
1.351725565969768228e+00
1.351722259483108868e+00
1.351725566958683400e+00
1.351722256599559913e+00
1.351725560900704615e+00
1.351722250380240187e+00
1.351725561154443644e+00
1.351722268180121311e+00
1.351725610317245474e+00
1.351722362890411588e+00
1.351725760271258681e+00
1.351722566398122494e+00
1.351725998161192210e+00
1.351722798184578966e+00
1.351726164897178561e+00
1.351722836591975119e+00
1.351726035788861413e+00
1.351722567202848557e+00
1.351725769424597656e+00
1.351722606592499432e+00
1.351726591059335902e+00
1.351724818316990762e+00
1.351730808873384371e+00
1.351731452300096059e+00
1.351739779879087999e+00
1.351741909913799722e+00
1.351749945189232083e+00
1.351749214846124536e+00
1.351751652907131396e+00
1.351743645922413473e+00
1.351739992571399096e+00
1.351732044501641195e+00
1.351741323830693897e+00
1.351766340726717086e+00
1.351833701971037582e+00
1.351941381948791765e+00
1.352105966436514928e+00
1.352303178070607181e+00
1.352515657821208084e+00
1.352679790969253615e+00
1.352747744342840619e+00
1.352657086963582556e+00
1.352422020660306146e+00
1.352132194911884966e+00
1.352061994248414889e+00
1.352660881335897347e+00
1.354610911630607761e+00
1.358710487667779132e+00
1.365774711296390498e+00
1.376343452786660482e+00
1.390454119490906582e+00
1.407356082126109742e+00
1.425497703162637686e+00
1.442672512114081540e+00
1.456589915244719036e+00
1.465611890535716944e+00
1.469728333173404788e+00
1.471088859489801726e+00
1.473742422188286882e+00
1.482511383079288647e+00
1.501423296136724428e+00
1.532024254419754872e+00
1.572485280487150305e+00
1.617692071137571963e+00
1.660517197562732639e+00
1.693644187913490695e+00
1.711734841662789774e+00
1.712969294563399636e+00
1.699435199046616551e+00
1.676354227009134945e+00
1.650239651307382038e+00
1.626655655832103253e+00
1.608721886893020647e+00
1.596557100258852557e+00
1.588003347610091653e+00
1.579791678861336424e+00
1.568556204055980619e+00
1.551647012689204352e+00
1.528134756545098005e+00
1.499245947250341215e+00
1.467795445330403847e+00
1.437053948750514731e+00
1.409880156043750832e+00
1.388078352888757472e+00
1.372271279577119918e+00
1.362014061848680457e+00
1.356225283308613694e+00
1.353551057260321322e+00
1.352749365495417910e+00
1.352827999034513562e+00
1.353156526676653648e+00
1.353380561171793284e+00
1.353395997063787881e+00
1.353207724966667413e+00
1.352907407457298428e+00
1.352568258630975517e+00
1.352269477064048875e+00
1.352033758666327135e+00
1.351883018117663315e+00
1.351794072357898280e+00
1.351761208961336225e+00
1.351751030052033231e+00
1.351760192226416635e+00
1.351764437418035758e+00
1.351771392608517752e+00
1.351766354085243149e+00
1.351763568139327854e+00
1.351751834370184202e+00
1.351746401427200039e+00
1.351735490389271543e+00
1.351733065579210802e+00
1.351726005672371889e+00
1.351727242801092910e+00
1.351723060528658316e+00
1.351726196231547883e+00
1.351723020391140118e+00
1.351726503165991966e+00
1.351723280871985677e+00
1.351726550793941550e+00
1.351723104809210207e+00
1.351726221306283060e+00
1.351722714889422194e+00
1.351725850639796223e+00
1.351722413281061019e+00
1.351725636941419006e+00
1.351722282908133455e+00
1.351725571692074634e+00
1.351722260325943559e+00
1.351725571461200648e+00
1.351722267546248579e+00
1.351725577227014474e+00
1.351722268393529269e+00
1.351725572948702103e+00
1.351722260617791882e+00
1.351725563876024605e+00
1.351722252063368934e+00
1.351725557007923184e+00
1.351722247262640675e+00
1.351725554057691125e+00
1.351722245727182692e+00
1.351725553607693531e+00
1.351722245765291319e+00
1.351725553758222009e+00
1.351722245846272097e+00
1.351725553831263360e+00
1.351722245825312418e+00
1.351725553551801129e+00
1.351722245565538660e+00
1.351725553338393615e+00
1.351722245348637497e+00
1.351725553162141713e+00
1.351722245273690781e+00
1.351725553199615293e+00
1.351722245327995342e+00
1.351725553251379219e+00
1.351722245330535976e+00
1.351725553254872425e+00
1.351722245321643978e+00
1.351725553230102017e+00
1.351722245263210720e+00
1.351725553260588741e+00
1.351722245266704148e+00
1.351725553233595445e+00
1.351722245251778309e+00
1.351725553190088025e+00
1.351722245299096459e+00
1.351725553203108499e+00
1.351722245318785820e+00
1.351725553212318021e+00
1.351722245338475181e+00
1.351725553279643055e+00
1.351722245477253947e+00
1.351725553376819544e+00
1.351722245533464095e+00
1.351725553512739930e+00
1.351722245807528422e+00
1.351725553831898630e+00
1.351722245965996549e+00
1.351725553871277352e+00
1.351722245955834234e+00
1.351725553808080793e+00
1.351722246089214430e+00
1.351725554302220633e+00
1.351722247446832226e+00
1.351725556848502485e+00
1.351722251471733305e+00
1.351725562895048860e+00
1.351722259291930905e+00
1.351725571854670793e+00
1.351722268191871468e+00
1.351725579049235071e+00
1.351722272391754132e+00
1.351725580094677914e+00
1.351722272642318146e+00
1.351725585996411683e+00
1.351722295783751138e+00
1.351725642954302531e+00
1.351722406258921261e+00
1.351725825321477226e+00
1.351722670803846338e+00
1.351726166252887218e+00
1.351723059093553614e+00
1.351726548273384676e+00
1.351723366681954142e+00
1.351726723610380709e+00
1.351723406048716880e+00
1.351726736558362285e+00
1.351723678039536747e+00
1.351727773232637375e+00
1.351726200237382658e+00
1.351732630359485210e+00
1.351734174774015917e+00
1.351744139475529627e+00
1.351748918360921925e+00
1.351760812680014467e+00
1.351765173596366054e+00
1.351773700702963987e+00
1.351772283603279501e+00
1.351775100366217952e+00
1.351773118286846653e+00
1.351788339006245954e+00
1.351821482744524294e+00
1.351904070429074567e+00
1.352042480571739924e+00
1.352265361914143371e+00
1.352563165605434881e+00
1.352933287716223010e+00
1.353322308425714215e+00
1.353681705096382082e+00
1.353930147148213248e+00
1.354037919577003590e+00
1.354021209867536157e+00
1.354051113643482962e+00
1.354448612603838420e+00
1.355750815825105704e+00
1.358603114663519795e+00
1.363660812110728981e+00
1.371283562428198932e+00
1.381279262546062592e+00
1.392593362300308835e+00
1.403329343930750150e+00
1.411098522281302170e+00
1.414157639405636546e+00
1.413385669548217649e+00
1.415548110098435730e+00
1.437311081414089031e+00
1.507914657287156901e+00
1.664984590929021957e+00
1.941350648678712210e+00
